5
1 0 1 1 0   13
1 1 0 0 1   13
0 0 0 1 1   16
1 -1 -1 0 1  2
-1 -1 1 0 0  1

********************************First
1 0 1 1 0   13
1 1 0 0 1   13
1 -1 -1 0 1  2
1 1 -1 0 0  -1
0 0 0 1 1   16

1 0 1 1 0   13
0 -1 1 1 -1  0
0 1 2 1 -1  11
0 -1 2 1 0  14
0 0 0 1 1   16

********************************Second
1 0 1 1 0   13
0 1 2 1 -1  11
0 -1 1 1 -1  0
0 -1 2 1 0  14
0 0 0 1 1   16

1 0 1 1 0   13
0 1 2 1 -1  11
0 1 -1 -1 1  0
0 1 -2 -1 0 -14
0 0 0 1 1   16

1 0 1 1 0   13
0 1 2 1 -1  11
0 0 3 2 -2  11
0 0 4 2 -1  25
0 0 0 1 1   16
********************************Third
1 0 1 1 0   13
0 1 2 1 -1  11
0 0 4 2 -1  25
0 0 3 2 -2  11
0 0 0 1 1   16

1 0 1 1 0   13
0 1 2 1 -1  11
0 0 4 2 -1  25
0 0 -4 -8/3 8/3  -44/3
0 0 0 1 1   16

1 0 1 1 0   13
0 1 2 1 -1  11
0 0 4 2 -1  25
0 0 0 -2 -5 31
0 0 0 1 1   16

*********************
1 0 1 1 0   13
0 1 2 1 -1  11
0 0 4 2 -1  25
0 0 0 -2 -5 31
0 0 0 2 2   32

1 0 1 1 0   13
0 1 2 1 -1  11
0 0 4 2 -1  25
0 0 0 -2 -5 31
0 0 0 0 -3  63