100
2683 19608 13560 18112 11907 3790 7815 15749 19081 5449 16227 2418 6145 19967 10568 11992 3893 3308 1781 851 18727 13680 5169 18911 6395 515 19933 17388 12153 15614 13332 14103 11472 7994 1995 10504 7206 15027 14200 12796 9327 10420 892 19401 14244 16712 13664 12435 8142 11167 13733 2984 18609 5906 7413 9787 7499 4405 13539 13242 16212 7272 959 5373 16929 15823 2956 12764 14349 16932 19641 946 613 4953 10585 9515 10058 18425 19174 8707 13040 16398 2766 12363 6000 13943 2928 15339 15529 3193 11218 682 4040 16778 19102 4327 19799 7075 9400 2981 
100
SUM 37 57
MODIFY 64 13099
MODIFY 78 1737
SUM 58 95
MODIFY 46 6984
MODIFY 39 17133
MODIFY 80 457
SUM 47 65
MODIFY 18 14992
SUM 45 93
MODIFY 63 3256
MODIFY 8 9467
SUM 80 96
SUM 63 73
SUM 36 95
MODIFY 71 12707
SUM 18 24
SUM 62 66
SUM 23 77
MODIFY 60 7921
MODIFY 60 3596
MODIFY 79 215
SUM 53 91
MODIFY 29 12970
MODIFY 31 10788
MODIFY 67 12233
MODIFY 1 18439
SUM 68 80
MODIFY 30 2315
SUM 4 40
MODIFY 4 4887
SUM 63 70
SUM 21 51
MODIFY 54 11981
MODIFY 71 1754
MODIFY 56 14702
MODIFY 86 6617
SUM 22 79
MODIFY 5 15874
SUM 22 39
MODIFY 31 7911
MODIFY 5 3075
SUM 70 87
SUM 17 42
MODIFY 88 9546
MODIFY 96 1770
SUM 9 55
MODIFY 47 1080
SUM 65 83
SUM 30 89
SUM 13 61
MODIFY 42 14868
SUM 16 55
MODIFY 98 13732
MODIFY 34 4863
SUM 9 21
SUM 32 55
SUM 35 64
SUM 23 26
SUM 40 83
SUM 67 89
MODIFY 69 229
MODIFY 13 11747
SUM 72 86
SUM 47 52
SUM 23 60
SUM 3 61
SUM 41 47
SUM 35 98
MODIFY 46 10327
MODIFY 98 2837
SUM 67 89
SUM 11 68
SUM 9 40
MODIFY 53 13604
SUM 28 81
MODIFY 18 2654
SUM 72 95
MODIFY 91 8982
SUM 31 63
SUM 20 27
MODIFY 90 5493
SUM 40 91
SUM 51 83
MODIFY 40 13201
SUM 70 93
SUM 43 64
MODIFY 68 11522
MODIFY 8 14198
MODIFY 28 12525
MODIFY 87 2542
SUM 72 97
MODIFY 54 16047
MODIFY 13 7199
SUM 36 91
MODIFY 71 11356
SUM 58 89
SUM 19 76
MODIFY 13 10493
SUM 30 38
