100
3 8 195 179 148 155 120 165 43 93 172 46 109 145 29 62 140 101 66 3 131 66 134 76 60 94 190 185 136 71 72 56 15 161 164 30 38 80 164 16 197 138 115 48 107 128 169 93 155 54 182 6 157 127 87 76 4 166 161 161 159 73 119 52 86 21 124 59 29 19 91 99 9 21 164 121 157 113 50 21 127 83 61 120 146 80 31 124 73 72 64 23 176 158 154 139 119 47 150 105 
21 93 75 190 37 151 97 51 15 61 34 71 7 71 183 158 76 54 167 45 141 83 171 105 152 60 121 185 200 189 105 124 27 110 100 163 109 29 39 82 21 124 95 135 158 78 107 130 6 88 21 70 60 173 7 92 14 148 185 189 45 119 136 200 98 116 19 51 136 141 89 64 10 37 2 138 8 200 157 175 172 69 26 122 99 173 116 179 67 13 140 165 17 91 101 93 173 152 176 181 
165 20 89 143 83 86 132 35 61 47 186 190 140 163 20 134 158 144 200 163 129 138 44 103 27 119 91 52 44 90 147 165 187 162 31 197 129 147 36 26 197 54 2 127 66 174 71 195 139 181 58 138 138 66 28 14 151 38 142 150 100 117 16 33 98 26 172 1 53 14 8 157 113 78 42 30 69 133 116 132 37 60 11 2 12 172 82 76 192 9 149 78 76 129 188 118 126 193 173 185 
197 34 54 138 114 174 53 40 40 29 131 178 112 92 116 42 34 70 73 35 105 22 37 140 119 27 113 2 139 41 35 121 183 15 178 166 150 106 56 117 121 63 127 117 53 6 107 97 87 27 106 122 114 98 22 147 99 17 64 62 3 192 114 16 2 32 52 108 5 168 98 90 173 56 7 104 120 9 51 156 79 148 5 102 60 124 3 69 24 199 129 169 59 156 118 104 127 162 84 93 
57 36 148 76 47 177 170 107 140 75 17 168 63 56 64 75 96 29 113 105 3 136 182 17 138 178 185 67 120 53 160 50 166 17 116 5 163 155 177 161 112 30 119 31 177 165 23 96 141 47 14 176 41 57 120 172 8 50 105 103 161 191 40 18 110 199 143 27 10 158 154 6 156 164 100 68 92 146 187 32 175 1 22 115 160 148 159 107 4 17 163 176 33 120 18 4 197 64 170 26 
16 30 100 191 59 31 162 185 71 61 192 96 40 147 144 81 167 188 10 119 62 154 74 89 195 137 123 11 8 91 149 83 59 61 196 91 155 167 69 43 9 50 76 30 192 155 154 87 19 16 88 15 195 70 16 90 88 77 63 30 136 42 127 194 4 26 143 52 69 132 80 5 38 57 26 5 114 178 30 157 110 182 88 12 97 184 106 189 20 181 74 19 42 8 187 5 62 118 151 198 
177 137 134 7 101 20 39 178 152 13 120 57 11 62 38 94 11 14 45 200 94 64 143 54 24 8 192 144 67 86 185 128 57 27 6 192 196 124 40 23 46 59 10 88 44 11 8 134 98 72 116 15 11 30 85 45 87 87 56 95 65 133 118 116 100 72 121 101 20 19 100 100 41 43 124 167 60 74 194 178 151 19 100 97 113 71 25 13 106 158 134 31 145 133 56 167 171 194 20 130 
179 141 185 9 84 89 68 108 186 77 63 2 18 48 95 187 118 76 133 52 141 160 63 176 45 6 114 121 146 74 185 165 120 108 150 86 165 17 22 45 82 89 50 119 128 99 37 159 165 72 61 11 36 172 110 174 116 43 163 3 185 89 15 122 98 85 162 172 148 112 158 108 109 173 164 19 66 185 7 10 71 36 169 147 87 167 144 126 190 8 191 58 12 11 191 92 104 128 145 18 
127 158 21 65 108 184 120 32 18 36 134 190 107 184 159 59 69 149 21 152 135 24 46 161 170 177 61 139 170 139 111 7 65 90 156 39 151 192 190 149 72 5 4 197 88 23 88 200 167 50 82 150 183 72 150 150 45 51 195 151 146 86 65 2 108 82 75 2 161 20 175 2 196 122 53 142 170 30 118 59 147 24 126 93 7 191 106 84 184 79 107 96 1 10 178 57 153 153 7 19 
156 32 129 173 143 132 77 124 126 89 189 165 89 46 58 35 174 105 77 100 16 150 73 139 31 49 83 76 71 10 41 5 9 198 141 109 24 6 10 141 197 65 17 141 68 120 89 29 165 188 198 22 139 146 151 32 39 41 65 122 139 92 140 171 11 80 99 191 150 82 15 71 52 130 123 79 68 174 15 190 155 178 100 70 51 103 88 122 83 110 17 83 4 103 15 127 64 110 143 100 
70 195 47 48 179 50 142 56 137 74 186 141 119 53 95 84 76 147 186 144 20 81 23 154 36 189 111 155 1 175 90 118 136 148 146 164 63 3 109 103 149 198 8 82 125 8 113 27 139 35 129 87 47 195 121 48 65 142 34 21 71 89 81 45 135 58 5 103 67 25 61 96 53 107 121 113 106 127 185 151 147 178 81 199 39 172 81 60 10 10 104 157 194 59 130 109 87 147 159 51 
111 28 20 125 145 184 79 134 166 129 103 143 176 97 6 165 103 99 116 46 199 20 90 148 180 117 174 23 144 189 65 92 90 42 80 172 96 27 49 182 185 156 49 142 73 101 36 133 148 5 188 60 55 2 187 128 121 114 56 184 196 62 62 71 37 135 36 147 70 9 68 141 190 115 143 104 118 80 197 149 124 178 5 124 110 185 4 154 11 195 107 197 113 195 193 148 44 26 87 112 
28 48 129 144 185 5 46 137 146 64 94 108 52 133 159 101 155 127 30 179 116 156 93 104 71 93 9 65 1 200 47 14 124 171 182 79 84 93 166 59 38 43 150 7 9 182 126 142 19 29 115 17 11 68 114 87 73 125 190 55 113 117 32 173 63 82 53 101 149 42 69 137 24 90 114 182 120 77 148 28 193 88 154 170 45 106 175 88 71 103 23 57 102 44 60 194 73 82 175 54 
147 55 160 149 150 120 14 80 62 43 135 33 178 159 184 179 158 86 183 23 43 86 85 17 195 175 54 1 127 189 166 186 167 3 63 59 104 137 22 129 34 114 115 19 58 185 11 151 148 31 53 162 113 55 195 78 175 127 183 120 195 18 4 188 178 80 148 162 86 177 93 22 3 36 183 1 69 180 197 52 188 105 182 23 13 102 135 149 4 32 130 4 29 124 71 139 160 46 53 72 
91 47 178 29 78 133 38 175 74 151 17 188 196 44 178 115 25 42 122 104 156 5 25 3 138 174 73 109 4 10 175 134 20 132 75 147 94 158 58 57 126 179 143 122 146 8 11 74 98 104 77 22 137 20 190 189 71 67 144 196 8 161 48 32 130 115 119 186 81 190 6 191 33 53 34 189 197 97 3 24 160 108 192 85 133 32 176 80 168 157 64 139 146 20 134 175 14 59 125 110 
65 47 24 136 85 67 94 136 92 77 83 164 130 74 53 73 88 168 82 147 125 114 123 29 160 60 59 162 44 105 78 116 33 25 188 123 168 98 154 31 167 62 188 104 5 10 5 62 194 2 105 180 1 83 174 72 121 152 96 102 144 127 78 9 63 161 140 73 62 21 13 132 150 128 81 186 69 93 93 133 51 176 64 1 35 198 39 81 81 128 161 154 128 178 49 180 9 95 189 148 
171 151 130 103 12 49 173 53 1 68 66 46 37 162 85 86 144 141 26 6 95 50 105 152 198 15 156 54 183 100 169 69 64 5 19 200 97 141 53 13 51 176 138 139 12 196 155 154 79 196 22 151 146 42 156 38 177 195 186 22 142 189 132 9 139 195 45 81 91 79 184 180 54 126 66 148 143 181 48 6 181 107 63 188 2 61 186 141 37 143 68 162 37 23 109 24 127 187 161 45 
84 106 109 120 24 187 169 102 34 84 191 66 54 198 137 68 173 142 179 99 96 56 136 19 127 176 59 53 155 29 182 58 156 26 41 170 171 147 165 10 97 151 163 136 67 91 94 34 141 182 26 95 143 105 190 57 77 25 70 58 25 28 3 51 140 10 120 106 155 87 57 200 159 165 115 44 197 130 114 143 91 162 91 52 188 21 25 8 28 136 151 30 178 92 67 68 116 119 71 43 
29 76 185 184 15 7 117 110 124 144 49 18 68 3 86 89 156 191 177 4 184 93 20 197 80 106 92 135 92 18 146 134 148 65 123 74 118 158 81 69 167 16 42 164 123 165 65 84 11 133 134 138 49 116 61 20 186 191 159 50 93 138 141 33 46 6 173 112 104 20 121 121 113 200 28 10 190 11 53 195 199 57 108 105 77 52 161 185 137 30 73 11 30 48 69 91 127 10 120 148 
96 187 171 185 98 13 166 188 150 62 171 186 20 73 11 149 8 100 21 49 109 41 87 198 197 187 131 92 58 58 187 24 107 26 65 14 104 199 12 120 174 72 84 106 29 99 95 134 146 21 153 89 93 170 29 181 12 191 168 162 19 34 127 86 194 194 9 27 132 162 145 79 108 93 198 182 170 114 51 132 37 31 3 141 89 40 83 4 121 134 197 168 3 98 21 137 118 35 95 57 
102 30 63 37 94 79 31 195 94 25 150 44 69 15 98 184 164 115 32 157 148 39 164 102 116 46 163 191 199 30 106 22 69 106 128 100 43 136 113 34 38 30 62 98 95 101 77 43 144 78 114 109 148 198 188 12 60 166 158 181 59 45 184 51 114 179 170 134 168 70 133 131 48 123 179 137 42 143 183 27 13 33 178 98 58 142 12 150 34 120 129 46 40 199 55 59 79 6 28 151 
139 102 140 146 137 120 109 182 18 46 122 66 9 138 35 163 43 165 104 7 196 173 64 90 155 75 20 26 33 91 154 50 188 125 98 49 3 28 100 151 139 58 59 106 1 164 130 112 148 183 178 187 85 159 109 84 77 22 115 186 67 101 168 18 86 102 151 55 146 164 93 179 190 168 18 47 164 28 159 92 159 180 181 161 159 188 57 104 34 82 72 13 65 33 169 83 197 23 37 185 
2 34 93 186 88 159 64 103 65 10 69 19 56 85 152 82 68 30 93 130 103 135 141 33 32 192 66 188 33 118 71 21 166 50 151 189 146 125 181 172 179 11 29 143 107 85 113 147 9 33 71 77 182 82 68 63 6 140 52 132 174 29 199 24 83 56 65 31 132 93 116 172 193 42 92 97 45 99 80 65 60 177 12 82 50 199 36 194 170 155 114 9 72 176 182 79 172 134 16 65 
117 113 147 22 77 196 47 165 32 63 162 62 187 200 149 44 17 85 60 20 151 187 77 1 104 27 130 136 83 62 25 1 17 65 22 52 12 179 64 107 48 177 186 147 27 104 181 31 186 127 171 116 101 133 86 3 137 47 135 82 82 21 150 99 175 131 94 70 40 74 198 138 46 141 191 120 72 100 73 134 67 33 168 73 55 85 58 36 65 89 36 162 120 191 147 153 81 50 152 44 
64 19 115 192 161 105 43 143 120 173 11 35 64 127 96 21 157 69 54 176 32 21 57 49 131 71 148 61 178 165 20 141 124 131 111 165 22 85 192 13 91 92 95 77 51 133 28 87 85 71 62 189 43 187 50 57 47 55 51 3 153 105 72 128 147 174 27 112 135 163 127 29 151 58 13 27 142 164 162 117 73 152 172 145 22 111 36 94 58 19 187 69 4 35 199 74 147 98 66 9 
45 185 150 136 14 60 53 173 66 7 146 15 181 142 149 56 200 115 68 120 35 69 30 32 200 108 172 23 89 60 163 131 71 45 41 74 183 10 2 52 14 161 121 154 21 41 168 178 51 44 97 50 140 83 149 172 123 1 170 97 87 91 76 177 139 74 15 70 124 169 1 47 94 51 6 161 180 182 134 87 103 61 153 163 189 23 115 192 155 2 170 19 52 195 81 92 198 11 75 95 
47 199 143 42 115 105 48 119 10 60 5 88 39 139 31 17 107 103 180 20 122 69 11 192 159 44 100 39 5 13 133 6 23 18 1 192 104 101 58 126 78 26 102 146 177 178 168 161 188 114 30 156 109 3 174 107 120 95 161 11 11 130 159 10 194 79 135 35 154 18 176 144 105 93 183 190 101 19 30 4 156 23 33 81 92 9 77 17 129 164 68 106 136 46 200 49 154 173 65 183 
31 104 171 122 166 4 159 186 169 71 146 110 172 128 55 97 164 81 183 175 154 16 148 57 178 154 181 157 177 112 179 80 91 195 127 83 29 117 168 75 156 152 8 112 140 194 158 30 9 103 8 122 175 46 97 62 25 195 43 55 183 187 105 83 112 156 173 158 51 64 30 126 142 13 78 192 138 23 173 60 82 132 116 131 66 90 71 104 53 173 66 30 41 161 58 100 149 104 198 163 
43 75 168 63 131 24 173 119 141 1 8 79 163 149 33 9 101 144 70 78 75 17 173 100 193 3 181 180 184 95 113 79 95 180 80 49 17 162 101 133 192 154 11 174 180 178 57 101 132 49 172 5 141 136 197 24 167 163 191 40 31 54 132 13 62 15 51 60 38 16 43 109 95 3 182 132 64 163 146 89 112 76 118 149 68 115 22 173 35 30 159 7 58 19 109 51 171 93 102 97 
180 40 151 117 188 138 67 171 198 137 186 57 5 143 153 37 104 53 5 33 188 100 49 166 172 178 40 7 47 184 46 21 42 118 43 151 145 150 66 133 125 111 30 137 108 79 52 21 122 99 131 99 12 133 129 40 19 25 92 58 99 175 69 67 172 47 65 21 165 101 19 192 25 130 186 144 185 103 74 23 168 143 18 17 29 159 97 34 37 142 186 11 39 94 127 47 121 43 49 189 
152 131 124 200 143 161 95 107 27 195 66 32 73 2 138 117 166 82 152 67 115 114 84 120 101 94 153 200 31 166 126 149 157 20 180 144 88 88 58 127 67 133 101 175 4 157 144 79 14 193 10 108 70 68 88 65 77 120 168 51 100 72 159 21 155 68 131 69 107 143 131 183 94 92 150 166 175 77 165 94 98 114 36 121 127 191 122 89 30 199 68 89 119 91 53 140 158 136 190 119 
175 118 160 154 198 141 135 198 27 13 124 32 181 151 140 130 40 85 154 170 156 162 5 109 195 166 70 100 43 130 189 148 177 14 184 157 122 4 175 126 22 148 142 10 143 117 117 165 186 70 142 86 47 150 132 33 65 49 155 2 75 147 171 4 54 189 7 180 108 26 142 163 161 108 31 74 61 182 135 90 15 135 79 86 179 75 50 77 61 191 167 65 65 93 7 184 90 151 184 147 
44 176 166 186 148 160 148 176 26 163 117 11 164 95 177 136 56 127 131 21 55 187 142 36 189 89 29 101 108 98 151 196 38 131 125 8 6 150 27 2 104 112 41 182 126 54 190 105 107 42 145 117 71 85 138 177 34 132 160 62 190 94 177 35 39 198 40 160 4 30 58 142 34 12 144 85 96 120 22 7 190 109 104 114 31 196 44 149 22 17 107 149 73 91 194 51 51 84 73 100 
66 68 187 23 168 153 101 2 128 112 164 190 114 59 28 154 30 146 39 86 60 96 77 32 98 64 110 190 114 177 144 135 116 20 174 131 63 33 163 87 9 28 27 10 119 188 30 98 37 88 44 80 124 187 83 179 118 142 190 10 137 182 162 108 82 3 169 77 149 35 119 29 135 132 180 93 13 199 116 67 137 120 186 136 144 117 131 183 180 40 88 179 144 7 175 172 149 16 34 120 
54 25 14 65 39 30 124 30 77 49 78 2 16 120 157 54 6 39 18 160 44 157 82 158 34 150 135 181 139 107 180 180 26 188 27 188 154 71 188 93 117 95 33 60 176 105 14 82 85 118 111 106 57 130 117 200 69 135 186 109 29 45 157 95 102 164 173 103 60 93 127 3 39 181 112 91 92 154 146 94 140 90 69 192 169 146 125 22 111 35 199 100 185 64 42 126 115 146 41 146 
46 114 123 68 185 19 116 142 18 195 95 73 144 199 191 139 29 98 12 50 182 158 173 171 115 1 189 156 147 60 65 99 36 8 175 103 188 114 183 91 156 15 17 178 111 135 112 168 120 9 141 147 115 138 40 177 85 184 96 49 70 185 194 194 149 111 149 139 145 61 37 156 114 180 148 190 180 28 15 151 65 72 27 196 89 176 78 25 73 50 177 26 150 21 185 65 115 172 137 173 
175 173 63 39 148 30 67 157 67 6 70 30 17 112 122 18 47 6 144 30 160 79 19 116 15 38 58 100 180 108 195 32 32 123 109 81 189 198 39 116 64 172 51 116 175 68 111 65 113 115 18 165 4 101 146 29 85 10 138 189 18 28 34 128 82 73 139 95 111 32 88 119 139 28 77 74 97 187 143 106 168 101 26 153 170 157 102 48 89 8 23 10 23 159 40 77 2 76 56 152 
31 66 78 82 17 114 45 80 118 84 174 126 99 62 165 129 75 47 23 176 186 183 44 74 27 198 178 175 69 54 43 5 73 145 157 180 128 80 109 193 75 92 78 101 16 92 119 174 120 182 85 128 117 105 117 47 29 25 47 120 108 34 122 54 111 56 105 14 9 36 145 135 38 37 159 159 147 88 107 26 33 139 138 156 16 97 9 57 144 11 64 40 181 181 34 24 100 191 50 150 
58 136 34 132 189 44 129 33 166 100 89 116 192 71 37 52 61 1 2 77 64 47 8 53 17 68 20 45 187 113 6 60 159 111 177 17 29 111 48 186 130 17 160 160 136 13 136 58 26 127 97 43 132 46 16 14 162 172 9 74 59 160 14 40 83 74 138 84 155 145 188 85 108 188 134 191 56 94 174 76 105 194 71 120 140 1 151 56 24 162 133 29 14 62 178 158 176 38 30 172 
127 2 189 131 183 175 115 96 57 94 171 185 142 171 61 188 118 166 107 90 170 158 9 172 64 117 7 46 105 7 103 95 88 68 69 93 166 46 95 93 127 77 198 77 180 105 58 144 190 167 127 72 87 53 103 191 190 197 145 64 135 91 96 141 94 104 98 132 48 33 24 117 134 99 131 198 19 80 64 75 170 149 156 77 55 61 99 69 107 180 169 36 80 70 153 183 161 185 128 147 
163 195 153 181 103 156 52 163 197 93 173 106 67 122 58 25 56 145 16 121 27 14 96 169 152 118 179 174 195 162 124 75 61 124 161 162 46 52 116 159 170 21 51 49 174 17 103 186 169 57 141 57 146 179 9 132 105 52 104 84 183 43 78 57 80 45 153 85 95 14 76 184 121 173 102 14 43 106 64 4 12 77 149 90 130 39 44 182 110 27 80 114 28 53 65 119 79 158 128 183 
194 113 172 46 119 167 147 188 25 129 45 4 153 52 197 164 45 102 51 90 148 58 163 129 61 179 50 6 68 34 6 123 57 77 62 53 121 106 78 31 26 177 62 21 18 180 78 183 1 190 90 81 116 170 13 177 43 94 92 177 191 92 122 122 54 48 26 134 107 152 99 9 21 162 140 146 172 65 173 87 161 174 112 101 82 136 123 35 171 51 42 142 35 3 145 81 199 187 76 190 
96 27 17 66 128 70 150 82 132 82 7 67 124 165 84 161 182 116 48 17 102 32 191 142 176 166 53 3 27 96 59 131 124 82 40 71 200 121 30 32 142 15 191 145 84 6 69 124 151 92 75 118 168 37 15 71 25 60 117 26 65 69 106 184 100 43 63 73 186 37 176 173 76 193 40 123 116 2 120 49 65 156 199 154 94 180 141 92 41 103 32 72 158 130 124 96 196 173 79 90 
5 122 3 45 54 31 138 4 18 78 167 75 52 111 179 20 63 8 32 92 181 195 64 88 139 37 193 35 111 150 148 11 28 152 180 112 199 164 91 197 39 158 179 44 78 196 128 185 4 130 115 174 55 5 100 105 5 27 36 173 116 164 27 145 11 178 107 84 199 56 185 107 89 73 10 12 58 41 155 64 157 130 21 87 47 66 77 138 48 68 104 67 47 137 162 90 84 133 199 17 
59 200 61 174 123 127 94 196 110 191 165 101 76 68 101 6 182 189 25 38 49 197 125 111 188 65 142 79 47 177 36 45 87 81 162 121 33 105 143 127 113 157 191 159 11 119 8 125 84 83 95 41 94 11 49 195 16 42 107 59 54 59 1 114 165 158 138 145 10 126 48 118 38 76 112 131 4 162 200 104 6 79 113 162 7 45 38 88 8 129 6 178 39 18 143 82 195 93 70 21 
125 146 165 187 101 63 186 182 76 162 40 171 44 34 152 87 62 35 78 172 122 87 67 128 170 133 179 3 148 196 87 169 115 30 155 165 193 2 115 62 158 45 98 141 11 91 17 130 61 66 107 69 145 100 103 149 81 167 39 147 83 155 105 72 53 155 49 150 31 184 49 161 159 177 153 8 71 40 62 153 132 120 68 55 68 171 17 80 73 130 99 32 88 125 113 162 137 107 180 163 
168 21 138 50 9 19 100 57 26 151 64 9 169 102 179 116 153 33 1 156 54 175 176 111 171 29 9 200 200 169 93 160 155 188 138 166 172 33 144 174 176 162 10 121 85 57 12 127 135 164 154 96 30 60 57 59 151 152 196 127 25 139 200 58 158 24 126 3 5 62 200 24 109 189 30 39 127 67 84 84 23 99 85 58 104 67 145 77 63 200 164 144 168 19 64 27 174 184 115 180 
105 122 129 133 29 151 15 2 179 73 78 170 123 28 145 101 33 126 25 24 7 20 186 152 48 141 127 125 187 165 199 98 45 165 92 64 33 165 168 124 17 46 92 94 25 75 68 80 163 27 20 74 189 19 192 163 33 149 21 35 155 74 145 188 138 88 22 118 50 62 59 94 86 143 200 59 84 48 171 11 34 189 166 77 103 167 145 89 124 173 49 113 179 121 145 189 148 108 12 31 
124 8 65 141 121 167 131 49 182 195 169 183 200 76 168 2 21 158 152 164 170 199 43 34 132 200 73 190 91 78 120 36 174 78 193 22 2 66 40 90 117 142 23 185 103 188 19 59 86 77 164 162 8 104 132 141 53 109 10 55 65 13 175 186 77 28 162 72 172 107 170 118 145 78 87 54 182 125 125 142 142 55 133 145 82 151 74 32 147 182 85 120 146 84 3 120 196 13 39 69 
105 114 90 158 110 124 180 184 126 68 194 91 1 195 146 164 159 183 142 177 97 130 178 120 95 127 128 151 20 93 196 179 61 25 19 161 173 3 122 148 3 24 35 86 29 113 177 28 93 77 10 88 96 147 197 15 40 45 142 6 131 58 112 139 25 134 88 71 83 89 136 9 24 168 70 44 32 115 35 51 61 199 166 60 126 48 33 118 198 84 177 68 81 136 104 85 14 137 124 157 
26 196 78 15 70 129 41 182 43 132 113 136 182 108 51 81 105 134 90 169 74 130 143 50 152 137 70 24 30 89 180 107 58 11 140 93 126 145 74 50 55 141 43 82 106 103 191 22 81 7 7 117 124 9 88 26 22 104 13 149 169 130 158 27 40 8 186 91 177 48 16 119 103 152 55 80 35 72 104 183 149 148 100 164 41 5 80 42 200 28 187 114 197 179 157 34 64 113 80 11 
52 174 12 84 91 118 58 13 198 72 123 72 63 104 161 27 118 193 192 90 184 45 157 117 33 27 124 170 31 112 76 161 177 56 189 129 41 56 92 165 67 114 153 151 191 17 41 190 1 21 12 170 193 71 117 37 167 76 199 37 60 17 188 49 165 15 10 62 96 58 129 52 113 104 13 65 187 1 10 66 106 38 107 23 155 145 189 84 4 50 69 76 156 97 15 150 37 34 122 142 
120 135 89 174 90 30 140 95 181 43 172 23 5 179 173 95 68 158 97 180 184 198 108 162 147 173 174 98 196 158 195 16 113 53 120 128 33 47 85 56 82 116 141 34 63 136 30 194 115 200 168 187 163 118 18 172 199 96 104 87 133 26 28 109 182 142 194 122 127 118 64 75 136 191 8 145 169 7 112 176 5 79 84 93 98 128 88 83 20 115 133 119 12 122 183 42 76 121 166 149 
99 71 167 193 7 148 29 45 117 50 77 155 155 24 104 140 178 142 139 144 178 191 183 147 145 128 148 164 147 188 135 67 119 178 120 111 29 128 68 2 71 3 157 160 100 121 184 33 42 80 182 74 98 128 45 127 99 59 117 81 169 108 184 60 118 19 42 153 178 55 8 146 8 25 53 29 156 50 134 188 8 57 90 158 189 140 88 176 128 35 107 8 35 167 58 163 37 6 132 134 
69 138 156 178 43 33 111 17 173 150 145 196 33 145 42 76 63 129 102 72 86 40 122 77 121 3 123 8 6 87 15 151 74 67 91 73 68 21 143 185 153 190 125 129 104 1 160 157 148 20 74 154 176 83 10 25 152 159 10 129 45 14 99 147 61 10 55 52 190 187 93 113 113 163 72 138 168 108 191 57 107 36 70 9 169 120 128 171 107 152 152 179 196 154 36 174 71 84 53 115 
87 38 13 182 195 145 115 153 25 142 58 100 158 87 152 167 102 133 17 71 45 164 140 18 122 88 125 58 170 11 117 123 27 16 3 79 28 108 122 134 76 86 186 31 126 193 145 191 95 1 122 29 28 49 135 135 129 81 71 37 111 39 39 123 103 35 83 133 118 193 9 123 10 63 72 49 141 157 57 14 98 192 27 63 176 158 153 121 11 121 56 84 63 108 154 125 13 15 75 8 
18 69 99 129 129 134 145 120 89 29 134 168 19 13 8 194 157 12 123 101 170 118 101 142 135 28 19 59 109 137 179 163 50 22 69 186 113 91 191 94 191 190 168 154 197 120 186 14 125 149 62 166 156 122 108 83 200 181 161 37 110 154 59 150 55 164 193 23 131 28 154 109 110 140 101 111 14 147 115 63 126 68 125 83 38 89 161 7 112 168 87 142 24 189 132 59 162 173 2 14 
103 180 71 5 107 64 93 188 178 183 144 15 41 9 152 115 17 80 187 117 61 98 100 141 45 169 50 80 131 22 50 175 48 199 7 44 193 3 114 75 102 4 51 187 148 116 131 125 191 30 70 20 66 182 7 151 172 189 137 25 114 160 60 92 27 10 92 149 127 54 74 92 12 160 88 150 63 95 164 171 65 15 72 8 79 106 107 169 16 105 18 160 129 104 151 90 82 61 174 162 
32 179 93 98 93 56 192 105 164 58 12 65 193 26 73 123 59 163 85 87 125 159 32 15 87 105 11 127 182 56 24 77 82 187 26 103 100 129 161 126 132 12 45 105 109 151 132 182 128 112 181 33 55 96 92 159 139 93 12 35 171 11 151 21 68 163 71 151 198 180 199 7 19 195 112 36 37 99 172 76 125 119 178 88 92 191 16 79 126 125 176 109 15 47 9 141 124 184 70 100 
84 25 32 11 170 194 146 160 27 122 192 69 120 56 74 96 178 169 172 108 61 193 174 17 60 45 41 174 135 54 152 20 148 38 13 144 167 37 62 197 76 32 69 175 108 133 113 10 16 180 127 145 146 39 128 7 124 35 55 8 157 128 145 188 152 46 77 81 58 106 76 97 162 91 189 162 21 151 62 69 74 113 145 156 38 121 59 193 48 54 180 122 9 77 83 163 8 129 113 10 
50 25 127 97 107 41 10 127 154 168 180 11 88 148 158 98 44 196 144 119 77 115 171 196 35 134 114 150 19 87 22 105 142 17 130 133 34 199 183 138 79 190 42 20 36 132 106 156 193 66 61 73 187 188 112 40 18 77 135 40 137 50 107 58 168 158 89 176 62 35 188 171 113 29 58 169 1 132 189 54 116 122 143 55 189 158 107 69 70 75 16 108 19 75 150 4 120 42 100 173 
98 108 107 129 3 151 68 95 76 133 34 136 93 32 128 155 187 29 88 113 93 54 187 177 104 176 168 152 41 98 146 1 57 117 184 164 45 173 72 79 114 83 142 127 30 148 149 100 138 96 62 156 186 19 79 84 63 18 52 153 64 22 112 11 191 13 111 171 159 35 2 92 6 50 107 199 12 39 195 123 147 149 53 111 42 20 63 186 23 17 152 169 171 117 128 132 155 161 42 148 
109 151 32 82 70 22 27 37 79 37 12 186 43 191 48 6 18 76 61 33 180 165 11 56 196 127 9 74 169 179 59 5 41 53 22 106 43 161 190 4 30 136 20 18 141 174 37 87 105 28 109 74 117 175 5 149 32 30 27 160 190 154 52 167 16 186 15 64 124 11 136 159 76 25 144 192 33 140 58 82 183 89 74 53 104 166 31 36 116 3 80 133 158 138 123 66 144 166 170 125 
177 60 82 138 98 111 148 67 46 166 133 159 149 98 60 2 98 84 185 23 82 18 148 111 34 6 151 184 146 71 18 64 31 4 116 155 172 49 169 119 190 173 136 66 195 118 50 28 131 153 165 158 90 54 47 188 102 163 194 32 163 141 111 149 95 51 42 182 95 96 13 160 37 134 198 141 15 65 36 45 73 79 90 124 103 128 126 32 155 45 47 136 61 174 134 37 11 120 192 140 
122 107 40 104 98 5 160 133 81 55 138 131 5 43 67 155 66 52 196 141 80 69 189 130 127 185 160 172 42 168 26 55 10 176 162 188 96 8 28 43 90 97 183 72 200 11 126 98 148 146 140 102 181 106 4 192 55 171 11 152 44 101 192 110 101 71 34 1 92 167 89 5 98 36 138 17 189 148 143 83 63 83 49 66 199 84 79 69 126 96 174 94 16 110 5 16 77 28 195 39 
21 45 108 81 169 148 136 22 133 92 182 109 91 180 22 28 91 157 151 136 63 159 159 187 162 84 138 198 165 35 75 167 77 34 109 1 56 94 96 29 86 163 34 92 122 36 179 39 172 44 96 171 180 5 92 177 103 124 100 75 71 62 76 82 78 43 165 1 82 167 50 131 178 78 137 162 95 20 67 188 105 163 33 86 118 143 73 169 129 147 57 178 116 110 57 102 68 94 61 192 
114 94 52 23 197 68 166 99 43 9 59 39 85 175 13 49 171 77 150 37 47 91 88 175 90 58 10 155 135 90 116 116 122 173 69 23 95 74 111 55 54 162 31 41 18 141 176 187 113 76 52 88 133 3 43 5 104 54 6 123 122 35 162 68 66 179 126 113 123 35 138 123 3 195 139 20 23 49 188 143 68 75 184 76 96 66 23 125 139 91 31 58 95 174 166 117 24 135 83 6 
153 41 183 81 199 17 48 90 149 51 96 123 69 33 41 35 17 199 116 152 83 92 58 60 108 40 55 77 182 161 28 67 8 59 150 32 68 123 180 77 147 83 176 152 117 49 32 194 114 148 21 160 5 184 20 54 9 87 28 94 103 83 20 34 197 93 50 183 193 2 153 163 76 35 74 185 91 162 131 153 85 61 150 148 156 95 34 153 128 51 150 42 70 183 172 91 9 42 16 188 
176 166 44 30 55 36 13 16 105 143 50 198 75 16 156 45 125 86 186 4 16 163 61 187 11 41 170 110 107 144 167 151 28 134 167 119 94 68 31 38 98 66 171 1 187 125 108 87 174 158 51 14 138 32 105 154 194 99 47 100 133 116 76 8 190 158 191 192 185 53 170 59 69 166 128 10 62 29 20 127 104 159 142 127 73 41 141 103 70 111 177 139 7 184 168 123 25 141 1 199 
157 160 114 14 182 7 129 14 53 11 82 52 80 146 194 12 137 195 1 61 171 1 178 93 80 112 164 146 146 61 134 15 20 28 104 104 9 171 149 45 167 110 118 145 84 94 36 166 110 181 42 199 89 12 24 70 45 140 17 33 137 171 167 62 13 90 191 135 124 115 101 104 33 69 106 96 21 143 4 161 103 103 1 166 142 56 16 121 196 174 152 156 16 55 29 191 156 30 77 86 
78 35 89 72 97 158 29 143 103 71 156 129 90 155 190 119 33 186 118 72 158 49 164 96 80 72 61 11 162 51 101 127 132 116 85 33 101 139 133 145 63 114 6 94 162 4 139 169 132 27 168 156 146 2 158 134 121 92 187 193 63 157 104 190 134 121 194 198 190 84 118 5 141 67 186 119 68 55 16 9 124 84 146 39 185 148 145 4 80 163 11 146 85 95 168 45 151 133 118 140 
58 53 160 145 26 114 41 178 71 107 13 2 41 153 132 39 119 19 44 65 160 143 156 112 113 24 15 73 14 46 77 144 137 180 173 161 140 43 65 63 52 147 16 57 190 110 10 191 6 55 83 65 72 112 170 60 55 176 45 69 96 18 128 171 100 199 107 77 120 82 56 68 53 3 119 163 164 138 150 129 123 184 75 199 183 135 116 126 144 3 172 92 132 131 14 154 42 100 181 2 
11 174 139 177 61 18 157 181 17 74 25 51 83 143 140 47 115 87 136 81 163 163 73 58 95 78 158 164 159 82 169 31 28 176 197 140 150 99 10 6 159 62 147 165 71 140 11 43 145 41 51 180 200 9 57 88 135 59 13 110 50 22 187 105 150 93 123 113 16 151 136 139 7 71 6 176 169 194 160 88 35 193 45 125 57 148 44 100 163 87 163 124 44 172 41 17 112 190 123 128 
101 130 167 83 137 6 68 141 189 104 82 174 193 157 36 109 8 112 90 119 145 85 61 54 98 36 125 58 88 57 89 130 158 23 165 166 21 14 119 31 150 40 115 138 162 199 50 190 116 3 176 158 141 189 26 92 189 110 167 137 52 60 23 143 93 113 64 63 28 82 159 182 24 117 189 151 96 161 189 76 23 177 198 111 130 189 166 157 15 133 85 185 170 140 118 96 133 136 162 22 
189 62 67 118 80 13 52 129 40 117 27 66 97 162 196 165 111 22 100 41 108 89 78 113 75 40 129 85 183 1 152 183 145 79 35 26 10 8 92 199 132 165 26 120 158 79 79 39 169 89 133 47 41 62 97 144 118 47 199 59 105 61 125 180 185 138 195 54 184 155 22 78 179 188 121 142 122 189 106 145 163 98 152 169 149 90 192 34 40 134 149 198 158 81 136 5 36 105 200 28 
148 169 29 83 179 47 138 121 185 22 175 125 107 44 127 111 98 196 200 168 101 8 72 83 107 158 169 74 100 3 49 191 176 153 149 128 158 195 160 196 182 92 187 117 170 119 122 30 65 6 29 110 199 159 53 179 48 145 154 94 164 198 3 114 80 52 157 63 130 181 147 99 194 127 109 194 35 34 111 114 182 60 193 40 163 115 48 198 74 27 35 81 70 78 107 169 132 160 69 84 
139 96 99 97 34 114 155 142 163 21 27 90 184 162 178 179 167 149 116 175 96 79 72 36 90 190 72 43 163 199 88 106 137 119 181 51 8 3 187 89 150 63 187 114 61 27 197 121 144 10 111 3 55 149 187 8 102 135 2 60 78 79 31 181 62 3 137 103 186 103 99 198 19 130 165 96 150 17 120 184 33 83 186 88 66 57 147 4 120 86 136 179 159 166 72 23 145 193 60 61 
119 38 190 9 39 62 152 183 127 81 104 177 153 179 141 60 168 15 64 160 149 49 10 133 65 13 29 47 68 36 141 194 38 165 50 113 112 81 148 71 126 25 196 161 144 15 101 27 26 47 56 87 143 20 46 15 200 122 3 104 39 165 122 149 103 161 90 131 5 46 117 111 19 167 155 2 143 139 175 160 41 15 185 102 13 185 20 42 114 189 1 164 9 123 47 97 137 68 52 110 
147 183 19 42 142 196 16 33 153 152 102 38 188 128 31 121 108 28 155 119 121 159 164 195 49 164 157 20 79 163 195 173 163 188 57 152 68 12 87 85 181 137 42 84 145 81 159 21 61 178 181 193 112 151 14 21 40 23 69 133 63 140 139 52 150 101 189 97 47 114 66 24 171 191 128 63 66 133 46 191 93 68 42 48 43 154 26 44 83 97 113 147 198 80 156 154 85 64 89 127 
133 157 148 123 51 186 186 17 158 124 86 171 88 127 183 197 61 108 13 22 101 125 69 35 102 167 55 59 113 38 72 139 19 84 54 155 5 135 49 103 60 38 143 157 38 12 34 152 144 136 145 149 42 85 186 94 199 110 58 120 178 18 171 111 77 128 144 14 74 1 155 100 63 127 186 115 148 161 2 55 143 51 52 126 49 123 6 107 128 172 45 4 58 95 154 186 193 122 189 54 
173 80 3 185 24 32 166 198 55 158 150 63 160 133 189 60 6 59 99 151 145 124 100 33 114 127 106 21 36 182 157 113 94 114 112 175 93 184 114 44 51 108 140 166 109 13 155 107 4 74 132 182 42 1 152 75 57 115 119 104 200 123 23 20 86 70 77 85 57 62 127 119 112 136 45 60 71 11 7 193 177 109 51 72 17 102 119 11 148 140 166 112 40 49 132 58 135 72 27 3 
173 143 162 1 132 161 160 55 91 86 151 25 26 167 171 47 131 105 88 163 169 124 129 109 146 137 35 4 110 52 97 64 193 112 27 112 58 95 176 24 172 26 171 100 29 66 101 63 100 147 130 51 108 44 20 73 39 46 171 154 17 75 17 127 53 181 19 116 80 53 127 95 136 117 135 27 28 30 135 15 30 27 117 75 167 159 137 16 40 14 111 58 117 38 156 112 160 186 76 2 
98 133 91 65 29 108 184 84 21 102 2 53 167 144 1 194 150 96 89 36 99 83 138 23 11 172 163 124 86 132 129 192 179 27 56 27 43 5 23 152 22 165 24 3 32 76 70 94 33 107 40 5 85 104 151 191 64 94 36 19 90 154 93 128 63 99 129 94 117 45 141 175 125 74 178 92 18 62 2 135 8 66 112 113 110 33 44 19 131 134 129 142 107 118 6 83 136 48 90 70 
191 145 9 68 93 55 38 185 52 10 147 111 168 132 12 72 48 79 15 59 172 92 90 170 98 15 115 168 6 58 54 179 161 114 45 90 112 32 41 113 7 68 196 151 143 146 118 45 13 161 145 154 168 173 33 79 62 193 49 132 112 107 38 138 193 39 81 22 164 183 199 81 101 51 121 94 161 187 197 130 145 179 19 122 199 35 167 160 96 79 55 20 154 108 29 117 70 60 121 91 
169 4 38 177 35 93 77 29 60 53 167 27 73 48 2 30 95 132 99 140 79 186 194 75 191 44 175 125 28 91 93 98 81 61 162 97 26 148 131 122 110 59 199 41 136 47 101 158 133 68 20 19 45 188 19 196 7 72 50 139 46 6 53 172 200 2 163 78 46 113 150 36 155 119 99 92 123 168 115 34 120 43 120 79 82 98 139 167 28 84 111 137 4 73 96 52 52 191 132 29 
1 35 134 168 16 70 191 122 18 84 58 155 161 57 28 79 100 104 22 187 24 152 19 146 114 65 160 142 199 190 179 162 47 199 140 27 142 132 59 34 124 86 121 78 101 175 112 162 173 16 88 81 129 23 141 131 50 124 61 40 190 30 9 77 12 52 165 42 172 174 127 102 159 13 42 119 174 174 156 94 189 2 129 160 138 135 114 140 197 189 13 22 118 154 64 38 168 32 94 70 
100 120 190 45 91 36 138 92 73 177 117 67 140 57 28 151 114 175 78 157 130 35 97 46 158 27 183 61 179 79 3 67 185 125 185 128 150 109 178 43 161 176 152 48 55 193 64 73 35 76 21 140 88 16 6 107 9 130 194 153 186 8 42 140 130 100 179 50 97 163 84 133 40 115 168 148 3 102 168 79 99 146 162 145 173 68 67 60 11 21 146 174 197 5 26 30 90 7 182 102 
15 116 189 54 115 40 90 60 105 42 137 13 134 178 153 8 22 26 190 33 7 36 171 183 26 44 38 116 168 22 30 91 7 55 61 42 169 83 79 187 28 145 105 85 110 142 180 108 94 78 110 5 185 186 16 23 74 97 174 192 181 58 109 3 142 33 9 94 57 115 17 21 141 106 177 166 101 35 170 39 175 2 157 155 179 25 175 111 5 24 13 35 121 173 178 181 162 30 80 85 
57 10 85 104 155 12 122 151 170 127 3 170 24 3 169 51 16 141 191 80 83 80 195 11 163 88 133 116 132 73 165 68 144 97 159 153 67 17 36 36 173 136 79 76 90 185 132 33 166 151 162 104 161 29 145 5 36 143 38 109 68 157 40 50 76 186 112 12 38 73 71 188 187 189 1 23 64 98 143 113 102 20 35 137 139 94 136 39 102 166 145 115 16 52 105 84 108 31 153 16 
123 198 140 20 26 55 141 162 132 149 152 189 76 5 187 125 73 188 111 71 20 84 26 29 55 173 14 200 87 113 43 149 180 97 188 32 11 74 12 77 24 67 9 18 75 125 132 43 101 195 117 191 63 44 21 80 158 168 24 200 183 103 197 23 177 195 147 19 159 178 11 183 137 89 87 6 68 185 44 64 195 199 105 42 160 59 46 182 160 124 100 40 143 29 199 83 47 17 190 123 
22 88 11 153 97 193 56 42 162 51 184 13 200 34 26 106 43 38 158 182 102 126 189 174 187 19 2 114 11 161 28 87 124 4 110 4 27 189 34 174 123 47 192 141 99 174 178 180 115 38 162 189 98 116 117 150 172 22 29 107 48 145 145 108 109 157 105 42 79 119 131 177 54 58 114 159 186 133 91 180 111 14 28 152 88 188 195 154 25 191 120 1 73 45 46 153 103 134 123 177 
152 60 96 182 115 137 84 120 2 94 31 196 46 81 139 188 159 9 152 193 146 124 87 71 133 148 156 170 103 118 42 181 189 52 36 152 106 141 6 30 193 133 45 153 142 5 188 164 19 160 192 112 154 47 141 139 94 107 176 157 29 187 136 47 135 173 72 79 127 79 120 159 76 61 178 24 35 14 87 24 189 99 170 134 180 30 179 24 74 71 192 165 167 88 53 69 8 116 86 106 
40 3 123 46 20 115 140 108 105 146 34 114 103 152 68 48 90 118 77 120 98 100 15 17 101 63 162 12 169 17 165 151 38 151 85 145 25 99 145 69 105 65 94 34 55 5 93 15 77 77 149 140 169 52 167 189 48 39 89 21 200 95 167 76 70 176 60 144 52 149 185 70 56 191 100 68 132 137 70 107 34 116 186 68 169 120 125 23 7 2 163 125 49 116 123 105 164 98 157 73 
186 12 76 18 17 181 121 160 79 156 20 102 36 36 90 29 23 9 63 106 96 183 113 111 146 100 12 36 71 189 193 179 62 169 68 7 186 179 177 146 106 149 171 86 105 39 35 15 130 72 12 155 74 41 85 157 55 54 197 154 3 29 20 111 79 199 142 99 172 112 70 71 160 97 27 85 113 163 101 36 24 48 132 186 164 37 57 64 175 108 68 178 190 87 25 78 77 169 131 36 
181 29 49 121 159 51 48 187 160 80 16 184 128 62 72 49 155 59 58 100 43 132 174 152 81 169 95 169 17 125 56 159 86 33 64 5 1 71 39 181 70 139 131 179 68 131 121 148 149 73 77 83 156 158 15 118 25 23 124 25 175 99 85 49 103 139 19 180 70 20 74 161 31 44 60 91 5 187 116 181 49 53 1 197 84 68 108 60 78 189 43 169 180 104 53 46 3 124 185 70 
157 158 97 193 163 42 184 189 3 99 70 20 21 48 78 183 151 87 28 67 193 8 52 122 14 186 139 99 56 91 21 174 38 40 72 185 87 131 168 87 49 187 163 133 119 180 143 143 155 70 23 48 47 34 117 141 56 49 95 84 151 156 8 67 10 155 176 169 48 79 20 176 196 80 153 150 166 181 115 135 62 45 76 181 124 55 61 31 140 159 142 61 180 43 23 43 169 89 69 161 
86 52 200 136 78 124 93 154 180 66 134 117 189 86 90 65 192 29 141 142 93 95 178 80 63 72 156 94 72 125 72 34 198 174 116 108 59 103 20 31 107 94 57 4 127 118 175 130 138 178 74 114 126 163 128 60 64 91 147 37 33 16 134 107 96 83 60 189 120 28 140 156 21 58 50 70 129 160 199 22 157 84 76 19 134 196 14 188 77 118 52 141 27 153 74 184 106 19 92 11 
164 85 123 49 36 14 130 196 158 113 117 156 158 52 63 130 145 19 196 35 24 182 172 10 79 2 98 122 8 142 135 49 36 160 125 93 38 130 69 78 8 192 41 71 5 79 37 185 114 27 88 103 167 6 60 187 17 59 197 188 44 180 42 168 48 106 149 157 112 162 129 167 198 135 51 60 65 144 56 125 151 141 68 12 58 74 166 34 175 141 28 9 184 87 9 35 189 21 22 171 
17 168 31 24 196 99 29 187 111 2 118 172 163 200 149 114 161 41 111 194 63 112 90 27 133 129 196 115 38 6 70 75 159 197 52 134 158 34 131 7 184 117 174 22 84 85 86 84 100 193 145 44 96 51 29 173 141 40 67 155 141 113 139 66 92 144 11 173 165 160 52 165 57 86 159 112 43 102 8 196 44 69 67 1 174 115 190 23 193 184 137 29 192 37 21 86 179 136 46 127 
181 26 102 158 45 70 129 32 88 200 125 3 172 49 28 164 1 69 4 160 126 85 40 8 189 32 121 167 60 19 44 88 165 195 128 54 187 137 125 17 177 111 37 52 1 199 139 171 39 11 175 60 67 59 139 139 191 44 77 55 169 9 65 3 170 91 192 103 9 27 21 196 49 45 64 54 56 92 52 108 190 163 198 67 35 130 73 179 88 136 79 173 27 86 72 163 85 106 99 73 
100
SUM 99 56 4 95
SUM 57 78 16 54
SUM 91 58 47 77
MODIFY 80 28 43
SUM 44 3 84 33
MODIFY 9 7 133
SUM 82 20 64 68
MODIFY 65 82 63
MODIFY 17 28 79
SUM 36 58 21 26
SUM 76 41 76 76
SUM 88 14 99 73
MODIFY 12 85 22
MODIFY 63 87 27
SUM 2 84 18 20
SUM 20 53 13 65
MODIFY 17 72 52
MODIFY 30 34 40
SUM 90 3 44 34
MODIFY 1 31 32
SUM 21 8 32 99
MODIFY 6 18 42
MODIFY 87 84 147
SUM 72 67 97 57
MODIFY 45 71 102
SUM 87 18 97 37
MODIFY 30 53 25
MODIFY 68 6 75
MODIFY 62 36 49
MODIFY 67 95 68
MODIFY 41 81 82
SUM 72 54 81 15
MODIFY 4 92 52
MODIFY 86 49 4
MODIFY 93 96 95
MODIFY 8 95 99
MODIFY 14 12 3
MODIFY 47 72 157
MODIFY 87 42 149
SUM 48 89 87 45
MODIFY 55 86 89
MODIFY 76 32 176
MODIFY 98 23 191
SUM 86 73 98 16
MODIFY 56 2 13
SUM 11 20 8 16
MODIFY 52 93 26
SUM 63 40 65 2
SUM 27 51 56 9
SUM 22 93 7 34
MODIFY 14 2 136
SUM 36 43 84 100
SUM 88 60 6 31
MODIFY 78 12 51
MODIFY 64 89 101
MODIFY 70 64 165
SUM 1 15 5 22
MODIFY 81 42 28
SUM 87 67 45 95
MODIFY 98 53 153
SUM 34 41 13 48
MODIFY 58 20 155
SUM 81 32 43 20
MODIFY 9 38 70
SUM 28 79 44 86
SUM 8 16 82 92
MODIFY 39 62 65
MODIFY 56 4 178
SUM 74 40 4 48
MODIFY 72 55 17
MODIFY 38 43 48
MODIFY 11 6 116
MODIFY 59 13 58
MODIFY 94 19 99
MODIFY 72 12 139
MODIFY 56 13 143
SUM 53 56 25 81
SUM 51 63 12 58
MODIFY 67 48 165
MODIFY 40 61 62
MODIFY 63 79 35
MODIFY 21 86 81
SUM 45 94 60 48
MODIFY 88 64 181
SUM 61 40 88 48
MODIFY 82 88 200
SUM 70 82 11 29
MODIFY 89 100 149
SUM 32 19 12 49
SUM 16 8 98 20
SUM 1 98 61 21
SUM 41 42 36 97
SUM 42 6 75 31
SUM 44 58 78 94
SUM 75 13 43 87
MODIFY 11 92 70
SUM 21 10 32 26
SUM 95 24 77 87
SUM 56 36 38 33
MODIFY 80 5 164
