100
1 9
1 37
1 42
1 4
1 84
1 52
1 33
1 35
1 7
1 44
1 59
1 54
1 8
1 20
1 87
1 93
1 49
1 75
1 23
1 31
6 31
6 20
1 99
1 46
4 7
2 20
5 8
7 9
8
6 35
6 52
8
9
4 23
4 23
2 4
5 2
7 23
6 7
3 50
1 40
6 23
4 44
7 46
1 4
8
5 17
2 44
3 48
1 21
6 37
5 3
9
7 35
4 49
6 49
7 31
9
4 52
8
1 3
3 63
9
1 96
5 20
9
3 41
1 79
6 49
1 58
6 33
1 29
8
6 21
7 31
1 60
1 82
3 52
6 29
7 46
4 23
6 29
6 49
5 21
3 16
4 21
2 4
5 19
5 2
3 25
8
5 22
4 21
8
3 17
8
1 57
6 7
6 35
1 5
