10000
1 7289
1 146
1 2724
1 6298
1 607
1 3725
1 6297
1 4358
1 3454
1 6828
1 2736
1 7874
1 5867
1 5272
1 7131
1 4536
1 1977
1 848
1 6640
1 735
2 3454
1 8538
9
9
7 2724
1 570
8
7 3725
9
9
5 21
8
3 1356
6 2724
8
3 287
5 16
2 1977
4 2736
2 3725
1 6137
3 6780
2 2724
1 7563
2 2736
1 8487
7 848
7 4358
9
8
7 4358
6 5272
4 4358
7 4358
6 4358
7 4358
1 5875
9
5 20
6 4358
4 4358
2 5272
9
2 735
1 1067
1 3371
1 2733
3 7842
1 7648
9
5 5
3 4673
7 848
6 4358
8
3 3538
7 4358
6 2733
5 16
1 3165
5 22
2 2733
7 3165
2 3165
5 20
9
8
2 3371
9
2 4358
5 1
3 9790
6 4536
1 94
7 4536
3 5072
4 4536
2 1067
8
5 15
3 7529
1 8809
1 7622
4 5867
6 4536
4 5867
7 4536
3 6031
5 15
2 4536
9
2 5867
6 5875
6 5875
4 5875
5 7
9
5 4
3 9309
3 6613
9
4 5875
2 5875
1 231
2 6137
1 6127
4 6127
2 6127
1 525
3 2446
9
1 2650
5 1
9
2 2650
6 6297
9
3 9255
5 20
5 16
5 4
4 6297
2 6297
1 1491
2 1491
1 2231
5 19
8
7 6298
5 18
4 6298
2 2231
1 9235
6 525
1 841
2 6298
8
3 2193
1 5290
6 5290
6 5290
6 5290
3 2251
7 5290
2 5290
5 5
9
2 6640
1 8722
6 6828
9
7 6828
6 6828
5 1
6 6828
6 525
5 7
2 6828
1 4105
5 15
7 4105
9
4 525
3 7243
4 4105
3 3544
4 94
4 841
6 4105
8
5 18
1 8696
3 6796
7 4105
9
6 4105
5 8
1 7739
3 4050
5 21
9
5 2
8
5 15
8
8
6 7131
6 4105
3 3862
7 4105
2 848
7 4105
8
2 4105
1 3961
3 7293
9
4 841
2 3961
9
9
1 9450
2 7131
8
2 525
1 3512
5 4
7 3512
1 7636
3 7000
5 17
3 2604
5 6
7 3512
7 841
1 7117
3 2795
5 20
6 3512
1 3120
5 3
3 3414
5 22
9
2 7117
8
4 570
9
2 7289
7 841
7 3120
4 3120
4 3120
9
7 3120
9
1 5097
1 969
3 4524
4 5097
9
3 7784
3 7607
8
6 5097
7 5097
6 3512
9
7 5097
1 772
4 3120
8
4 3120
4 3120
7 3512
3 8088
4 3512
8
2 5097
1 4876
5 3
7 4876
8
2 3120
8
6 570
4 3512
3 8639
9
2 3512
8
5 9
5 21
9
6 607
4 570
7 4876
5 17
7 4876
3 7961
2 4876
9
5 8
9
4 7563
7 7563
9
6 7563
2 7563
3 1546
2 7622
1 909
8
5 16
7 7636
6 7636
2 7636
1 1102
2 7648
1 7605
2 7605
1 4837
1 9913
4 1102
2 4837
3 7717
6 7739
6 7739
7 7739
2 1102
1 1804
4 7739
6 570
5 8
1 510
9
1 8824
1 3501
4 7739
2 7739
9
1 3136
3 814
4 3136
1 8509
1 1282
3 281
2 3136
6 1282
3 8701
1 2494
6 3501
7 969
5 1
1 1443
5 21
8
7 909
8
9
2 841
9
8
8
1 4155
2 7874
3 5969
4 3501
2 1804
1 6889
1 8511
7 607
3 9756
5 16
4 4155
6 772
4 2494
8
1 9640
5 22
9
2 1443
4 6889
4 2494
8
9
1 5193
3 6004
3 8459
4 2494
3 7298
7 3501
6 2494
9
4 772
1 1547
1 1467
7 5193
3 4337
7 4155
4 4155
7 4155
2 4155
8
5 17
8
2 510
8
5 12
2 3501
3 2406
3 4379
5 10
9
3 3775
1 5680
8
6 5193
8
8
4 5193
7 570
2 5193
5 24
7 5680
2 5680
8
8
2 6889
4 8487
3 1015
1 5517
7 94
1 7929
9
5 4
2 5517
4 1467
9
8
8
9
6 231
9
2 7929
2 8487
9
8
5 1
8
8
2 2494
5 14
9
5 20
8
6 1467
7 8509
5 2
4 8509
1 642
7 909
2 8509
2 8511
2 909
7 8538
9
6 8538
9
1 628
4 8538
6 8538
1 9296
2 969
5 10
8
1 9871
1 6801
6 6801
6 1282
4 6801
8
3 8592
8
7 6801
4 6801
2 1467
2 6801
2 570
1 6854
5 16
5 15
2 6854
1 9117
5 1
5 5
9
1 132
5 11
1 2163
4 8538
8
8
1 2332
3 7562
6 607
8
1 7415
1 7697
6 2332
9
1 1064
2 7415
6 607
6 1282
5 6
1 6934
2 2332
8
2 6934
8
6 607
3 8230
3 1817
2 2163
3 8691
9
2 7697
5 5
3 5808
7 8538
1 6713
2 1064
2 6713
3 2760
5 6
1 9163
6 8538
3 1389
6 1547
6 1282
8
3 8143
2 8538
7 8696
2 8696
8
4 8722
2 8722
7 8809
9
2 8809
1 2734
9
3 4298
8
5 9
6 8824
5 13
6 2734
7 1282
7 1282
5 13
1 635
2 8824
4 9117
9
5 20
5 19
9
2 1282
1 6421
7 1547
3 6082
1 3042
5 13
8
6 772
8
8
4 2734
3 1201
5 20
9
1 2913
9
5 18
5 22
3 918
2 2913
9
5 17
2 6421
9
2 1547
1 4654
8
2 2734
1 4305
3 2617
4 3042
2 4654
1 692
8
1 1060
7 4305
7 94
2 3042
4 4305
9
1 8911
8
7 4305
6 4305
9
3 6777
1 6907
3 9745
2 6907
4 4305
4 4305
9
2 4305
7 8911
2 8911
1 9144
8
5 15
6 9117
3 5187
5 2
5 18
3 3585
4 9117
9
2 9117
1 6023
7 6023
2 132
1 1401
7 6023
1 5651
4 5651
3 5266
2 5651
1 9329
9
9
2 6023
7 9144
9
5 5
2 9144
1 287
9
3 1279
1 7718
8
1 6827
2 6827
7 7718
9
9
2 7718
3 9240
7 9163
2 9163
1 3267
8
3 5426
2 3267
1 2528
2 2528
1 8939
4 8939
9
7 692
9
2 8939
1 6610
6 6610
5 4
9
9
7 1401
7 6610
4 6610
1 2878
6 1401
9
5 9
1 4332
9
8
4 4332
4 2878
1 8618
2 6610
2 4332
8
3 2181
3 3984
4 8618
9
4 8618
9
2 2878
3 3031
9
1 8490
9
6 8490
5 10
7 8490
8
6 607
8
2 8490
7 1401
9
2 8618
1 6323
6 6323
9
9
7 6323
7 6323
2 6323
1 8397
6 8397
1 8965
3 7069
7 607
7 8397
1 2251
8
9
3 117
8
1 3989
9
7 607
7 3989
7 8397
5 18
8
5 13
2 3989
3 5932
8
9
5 6
3 3842
7 8397
1 1801
4 8397
9
7 8397
3 3784
9
6 8397
5 9
1 8029
3 427
1 3606
3 2624
8
1 7222
8
9
2 94
7 7222
8
9
4 7222
3 2485
2 3606
4 7222
7 146
6 1060
3 6691
4 1060
1 8934
5 7
7 7222
5 17
2 1060
5 24
5 20
7 7222
4 7222
3 5485
8
3 3665
1 3613
7 1401
4 1401
2 772
8
5 5
7 1401
8
9
7 2251
8
8
9
8
8
9
8
1 9152
3 6896
3 3867
1 2447
2 2447
4 607
3 974
3 5377
1 7194
3 4025
2 1401
9
5 24
9
4 3613
3 9484
2 3613
3 7464
8
3 5812
6 2251
4 7194
2 7194
9
2 1801
1 2070
6 2070
4 2070
6 2070
3 2858
2 607
4 7222
5 7
9
7 2070
5 4
1 2075
1 8725
2 2070
7 2251
9
3 3712
5 22
1 5374
3 9161
4 2075
9
9
5 17
4 2075
6 2075
3 5664
8
4 2075
4 5374
7 2075
1 9993
1 4926
8
2 4926
3 4843
4 2075
1 4146
3 3098
4 4146
5 16
2 5374
9
4 7222
9
1 2999
7 4146
9
6 2999
1 4752
2 2999
8
6 4146
5 5
6 2075
5 18
8
1 9202
9
3 5410
9
2 287
8
5 3
1 2574
9
6 4146
6 4752
9
4 2075
7 4752
3 8310
9
4 4146
8
9
4 4146
2 2075
6 4146
8
8
3 1301
4 2251
5 23
2 628
6 4146
3 2082
5 13
8
2 2251
2 2574
8
4 4146
5 13
5 3
6 4146
3 8879
7 4146
8
9
8
5 10
7 4146
8
3 2212
3 350
7 4146
8
6 4752
4 4752
1 2469
8
9
7 4752
6 4146
9
6 2469
4 4146
2 4752
3 9242
1 1933
8
1 2604
5 23
2 4146
7 635
7 7222
6 635
8
5 11
9
3 4501
7 7222
4 1933
7 7222
2 2469
4 7222
9
6 1933
9
2 2604
1 2088
7 7222
3 4407
8
7 1933
9
5 2
9
5 10
8
7 7222
7 7222
9
6 7222
1 7734
9
6 1933
9
6 7222
1 4423
6 7222
3 8278
8
5 18
6 1933
2 4423
8
2 7222
5 8
2 7734
7 1933
7 2088
5 14
7 8029
2 8029
3 6603
1 3316
2 1933
6 3316
5 5
2 2088
5 18
9
8
6 3316
3 7580
2 3316
1 7184
9
9
5 16
5 6
2 7184
1 8454
8
6 8397
1 1045
1 1199
1 6563
4 6563
1 2077
7 6563
7 6563
1 3952
1 4728
5 5
7 4728
6 635
1 6431
9
9
7 3952
5 14
6 2077
3 3495
6 2077
8
1 7715
2 1199
5 27
9
6 2077
2 3952
2 4728
6 6431
8
1 6540
1 636
2 6431
2 6540
4 6563
3 7651
3 7809
6 2077
1 1834
1 1735
8
5 26
6 6563
7 6563
6 6563
5 24
8
2 6563
3 3563
5 24
1 1954
4 7715
3 8874
4 635
8
7 7715
3 525
2 7715
9
6 8397
3 2134
5 5
3 6122
7 8397
2 635
2 8397
1 4547
8
6 4547
9
4 1045
7 4547
8
3 5072
7 4547
3 5324
6 4547
9
8
2 636
4 642
5 15
7 8454
4 4547
4 1045
2 8454
6 4547
5 16
4 4547
3 960
2 642
1 7964
8
8
2 1045
5 2
9
3 852
1 261
9
9
6 4547
7 1735
6 4547
5 19
2 4547
9
4 7964
6 7964
1 1711
4 1711
9
9
5 7
9
4 1711
9
1 7327
9
5 10
3 5057
4 1954
1 1862
6 1711
6 7327
2 692
9
7 7327
6 146
6 1711
5 12
2 1711
2 7327
4 1954
2 1735
9
5 7
1 9505
3 7897
2 7964
2 8725
1 7535
3 6817
9
9
1 451
9
9
8
8
2 7535
9
9
3 326
5 10
7 451
4 8934
3 5015
1 7949
5 3
2 7949
1 3812
2 3812
3 1848
5 16
8
4 8934
5 7
8
2 1834
4 8934
6 1862
8
4 8934
8
8
1 3976
3 5979
8
6 3976
7 3976
3 6278
9
9
3 3669
9
2 1862
7 451
6 8934
8
8
5 3
7 3976
4 1954
5 7
3 7315
6 8934
1 9887
7 8934
3 235
4 3976
8
8
5 10
6 231
1 9352
2 3976
4 1954
8
2 1954
1 2993
6 8934
3 167
9
1 9654
1 1431
8
5 16
9
1 4374
2 2077
8
5 18
6 4374
7 4374
5 6
2 4374
2 8934
8
9
1 8119
5 21
4 2993
1 9264
2 8119
4 1431
6 8965
8
7 2993
5 16
1 6961
8
3 78
4 2993
7 451
1 2356
8
8
2 6961
9
2 1431
6 8965
1 2768
2 231
8
9
4 8965
7 8965
6 451
7 451
1 8408
8
1 7873
5 10
5 16
2 7873
8
8
6 8408
2 2993
5 19
5 15
7 8408
1 9334
7 8408
4 8408
7 8408
4 451
6 8408
8
6 2356
4 2356
8
1 4862
9
2 4862
8
2 2356
5 15
4 2768
8
4 8408
2 2768
3 1342
5 10
6 8408
2 8408
8
1 2650
9
4 2650
7 2650
5 20
2 2650
9
5 9
8
6 8965
8
9
5 18
6 8965
5 18
2 8965
1 9740
1 1259
7 9152
2 1259
5 15
5 7
2 9152
1 9034
9
1 357
9
8
9
6 9034
6 9034
4 9034
7 9034
8
5 2
3 360
5 11
6 9034
8
9
5 15
7 146
2 9034
8
9
2 9202
1 5402
2 5402
1 8525
3 3967
1 8891
9
3 2933
4 8525
6 8525
2 8525
2 8891
1 9062
8
7 9062
8
6 357
2 9062
1 4125
5 20
9
4 357
2 4125
1 6620
3 9478
2 6620
1 2181
2 9235
1 6388
7 2181
2 6388
1 7793
4 2181
9
8
9
9
2 7793
1 1665
8
7 146
5 4
3 4218
6 9264
6 9264
3 3497
4 1665
9
7 9264
8
5 6
2 1665
1 1498
5 15
2 9264
1 7750
2 261
1 9982
8
5 19
8
8
4 1498
6 2181
6 2181
4 7750
3 4874
1 8663
7 2181
8
9
3 9673
2 2181
3 1261
7 7750
2 7750
1 8667
8
6 8663
6 1498
4 8663
8
2 1498
1 7234
9
8
6 7234
5 15
7 7234
3 3380
3 2708
8
7 7234
2 7234
1 8593
2 8593
1 7576
4 7576
1 8992
1 552
9
1 7782
6 7576
4 146
2 7576
6 7782
6 7782
2 7782
4 8663
7 8663
2 8663
6 8667
2 8667
1 8359
5 12
6 8359
7 8359
5 16
6 8359
9
1 6459
3 4377
8
4 6459
3 9271
2 6459
4 8359
8
3 9435
5 3
8
6 8359
7 8359
8
3 5842
5 10
2 8359
1 7085
3 7060
8
2 7085
1 5047
8
6 5047
2 5047
1 7605
8
4 7605
2 7605
1 6909
6 6909
2 146
1 1615
3 2353
4 6909
6 1615
5 11
4 6909
1 3988
2 3988
4 6909
3 269
8
1 5944
7 1615
3 5028
3 673
8
3 7352
4 5944
2 1615
1 4786
3 442
3 9814
2 552
3 7663
1 7716
6 357
8
3 8786
4 5944
8
2 4786
1 8486
7 5944
4 5944
3 7596
3 4494
4 357
4 5944
7 5944
5 4
9
7 5944
9
6 5944
6 5944
6 5944
6 5944
4 5944
6 5944
4 5944
5 13
4 5944
9
9
9
2 5944
8
8
6 6909
1 4510
5 7
7 4510
1 7804
2 6909
5 8
4 4510
8
6 4510
4 357
5 5
3 2219
8
5 14
4 4510
7 4510
4 4510
2 4510
1 4854
5 20
7 357
4 357
8
6 4854
9
6 4854
7 4854
7 4854
3 5749
7 4854
4 4854
8
2 4854
2 7716
1 637
4 7804
9
4 7804
8
3 3681
8
4 7804
2 7804
1 8208
4 357
7 8208
3 6992
7 637
1 1786
7 8208
8
5 16
2 1786
3 5203
8
5 11
7 8208
3 2498
9
4 8208
8
8
2 8208
1 4496
4 4496
9
6 4496
7 4496
7 8486
5 15
9
9
8
5 13
2 8486
1 3805
7 4496
3 4385
2 3805
1 1082
4 4496
4 4496
7 357
1 5672
9
4 1082
4 637
7 357
8
8
8
7 357
5 7
2 357
9
2 451
1 7328
2 4496
1 341
8
2 1082
1 9618
1 5637
9
3 919
5 1
9
4 5637
5 3
7 5637
3 7343
3 4162
3 7077
9
9
8
4 341
5 1
9
3 2072
8
5 18
1 9660
3 1179
8
9
4 5637
4 341
8
5 2
6 5637
5 13
1 9485
1 8963
4 5637
7 5637
3 3442
3 8053
4 5637
3 7975
9
2 341
1 7385
4 637
1 1357
1 612
1 5213
2 5213
5 22
2 612
4 637
1 5912
3 4049
9
1 1148
3 7697
6 5637
8
3 5399
3 6595
3 3662
2 5637
2 637
3 2511
9
2 5672
6 5912
2 5912
2 7328
2 1148
7 1357
1 2260
8
5 16
2 7385
7 8963
9
2 1357
5 20
1 3097
7 8963
1 2211
8
9
8
5 6
8
7 8963
2 2211
7 2260
2 2260
9
7 8963
8
3 8433
3 5182
8
3 7986
5 11
6 3097
1 8530
6 3097
4 8530
3 1466
5 4
9
9
8
1 7466
5 5
8
6 3097
2 3097
5 10
4 7466
3 4604
9
9
6 7466
5 7
6 7466
6 7466
5 7
6 7466
6 7466
6 7466
3 8557
7 7466
1 6200
5 3
1 7186
5 18
6 6200
1 3835
1 6021
6 3835
3 2954
2 3835
1 9633
8
1 7363
4 6021
5 20
4 6021
1 1924
4 1924
5 14
8
5 4
8
4 6021
4 6021
4 6021
6 6021
9
9
6 1924
4 6021
9
8
8
1 3277
8
4 1924
2 6021
4 1924
7 1924
2 3277
6 1924
5 19
7 6200
1 2431
8
8
2 6200
1 7870
8
2 2431
2 1924
6 7186
8
5 2
7 7186
7 7186
9
3 2546
9
6 7186
7 7186
2 7186
5 11
7 7363
2 7363
2 7466
5 21
3 2892
7 7870
7 7870
9
1 4881
9
6 4881
2 4881
7 7870
5 20
8
5 2
1 2612
2 7870
3 9751
3 8888
8
3 8469
1 2868
2 8530
2 8963
6 8992
4 2612
2 2612
4 8992
1 513
1 3805
4 2868
8
8
5 18
7 3805
5 16
9
1 3379
4 2868
5 9
4 8992
9
8
5 18
1 79
8
7 2868
9
7 2868
2 8992
5 1
2 3805
6 2868
8
1 3961
6 2868
7 2868
6 2868
1 4520
1 8137
7 2868
1 1977
6 2868
6 3961
4 3379
1 3913
6 1977
3 9750
6 2868
3 4856
4 1977
3 5146
6 4520
3 852
4 1977
1 4082
2 4520
5 18
7 2868
1 8686
4 2868
5 18
3 7881
7 3379
4 3913
7 8137
5 27
1 4322
9
9
4 2868
2 8137
1 3448
8
4 3913
3 3117
3 1535
8
4 4082
3 3240
9
9
9
9
3 5812
2 1977
2 3913
7 2868
3 7655
7 2868
1 5027
1 2114
9
9
3 8267
6 2868
7 2114
6 2114
5 6
2 4082
7 2114
2 2114
5 24
6 2868
6 3961
3 1891
6 3379
6 513
4 2868
3 3213
7 2868
7 5027
8
3 5183
1 2714
4 4322
7 513
9
9
6 2714
6 2714
2 2714
9
9
7 513
1 8014
5 2
2 513
8
7 2868
4 3379
3 6051
4 2868
3 7356
8
7 5027
5 7
5 24
9
2 2868
8
7 3379
3 7570
4 3379
7 3379
1 4621
5 14
8
4 3379
4 4621
5 9
8
3 9361
2 3379
9
8
7 3448
7 4322
1 3075
5 11
8
7 3075
1 7104
2 3075
1 2923
6 2923
5 10
7 3961
9
6 4621
5 4
5 4
7 4621
8
2 4322
4 2923
5 22
1 3963
8
9
1 8916
9
8
1 4775
7 2923
8
6 2923
5 25
9
2 2923
1 9801
6 3448
3 4550
3 2960
7 3448
6 3448
6 3448
6 3448
8
7 3961
9
9
3 6525
1 9503
2 3448
1 1583
2 1583
8
1 6427
6 4621
2 3961
5 7
8
8
7 3963
8
7 3963
4 3963
4 3963
7 3963
7 3963
4 3963
1 4443
1 756
4 3963
5 27
7 756
7 4443
3 8490
2 4443
4 3963
6 3963
9
9
6 3963
7 3963
4 5027
1 6246
8
8
5 32
2 756
1 2147
1 4954
3 7276
5 9
3 9241
5 33
1 2979
3 7053
8
4 79
5 12
3 9154
4 4621
1 1085
9
6 2147
9
3 4445
3 4531
1 6711
5 20
8
8
9
5 27
5 5
2 3963
1 9296
2 2147
9
3 2371
1 7173
4 4775
4 4621
8
6 2979
4 4621
5 9
9
8
6 2979
3 6844
2 4621
5 2
7 2979
6 1085
9
1 8354
6 4775
5 32
7 1085
2 4775
6 4954
2 4954
4 1085
5 11
8
6 5027
1 4665
8
1 2600
9
5 15
9
4 1085
2 1085
3 4729
8
7 4665
7 2600
3 4066
9
4 2600
4 4665
8
8
1 5403
7 2600
7 4665
6 4665
1 3158
7 3158
8
8
6 2600
1 2149
7 5027
4 2149
4 4665
2 5027
1 2224
2 3158
6 2149
5 27
1 7759
2 2149
5 16
9
8
9
2 4665
9
8
6 2224
7 2224
1 5571
6 2224
3 9846
8
2 2224
4 5403
2 5403
9
8
9
3 2916
4 2600
5 18
1 2745
6 5571
9
8
3 1399
1 7502
7 5571
3 6309
1 3822
6 2745
6 5571
2 2745
5 16
3 6024
8
2 3822
9
7 5571
4 79
2 2600
6 2979
1 3950
7 2979
5 30
8
8
3 5509
7 3950
1 3239
3 8148
8
6 3950
6 2979
3 9786
8
6 2979
4 2979
4 2979
7 2979
7 2979
8
8
7 3239
7 2979
9
2 2979
6 3239
7 3950
7 3239
8
7 3239
5 30
5 6
3 1571
4 3239
7 3239
2 3239
3 5607
9
2 3950
3 3844
4 5571
2 5571
5 19
2 6246
6 6427
2 6427
7 6711
5 6
5 21
6 6711
9
6 6711
6 6711
5 12
9
6 6711
7 6711
1 7820
9
6 6711
6 6711
8
8
3 1167
4 6711
4 6711
6 6711
1 9781
2 6711
5 22
1 4647
1 502
7 4647
3 8224
1 6992
9
4 4647
8
2 4647
9
8
1 6083
5 8
4 6083
6 6083
5 12
3 6017
4 6083
8
7 6083
3 7205
7 6083
4 6083
7 6083
5 18
6 502
2 6083
8
7 502
5 2
9
5 22
7 6992
9
5 13
1 1256
4 6992
9
6 6992
6 6992
8
3 5717
3 6263
3 9088
2 6992
9
5 11
9
8
9
5 10
7 7104
4 502
8
4 7104
1 638
8
1 6632
8
8
9
9
9
6 6632
5 19
4 6632
3 4290
2 6632
3 3348
5 3
6 7104
3 4080
7 7104
5 3
2 1256
9
6 7104
3 8012
3 4430
8
5 34
5 29
7 7104
5 1
5 13
4 7104
9
3 3330
8
4 638
3 5133
8
3 5616
5 18
3 6008
9
7 7104
9
3 950
5 10
3 9159
2 7104
5 33
1 5206
1 4708
7 502
1 437
9
7 4708
6 4708
7 4708
9
8
6 4708
7 4708
6 4708
1 703
6 4708
5 5
9
1 5075
1 7559
3 3848
6 4708
1 4291
7 437
1 1749
3 9070
3 7419
9
4 638
9
8
4 4708
2 4291
3 6785
5 15
5 14
7 4708
3 3260
4 4708
3 1670
8
1 5719
4 4708
2 4708
1 4590
4 4590
1 5193
9
9
7 1749
7 1749
3 1737
2 5075
2 4590
6 5193
1 4545
5 3
1 314
4 4545
7 4545
7 4545
2 4545
3 357
5 23
7 5193
2 5193
4 5206
8
1 7049
1 1548
9
5 35
9
2 5206
4 1749
2 1749
1 9244
8
5 8
1 4561
7 4561
2 4561
5 3
5 20
2 1548
9
8
2 5719
7 7049
6 7049
2 7049
2 7173
2 7502
9
2 7559
4 7759
1 6281
4 79
8
5 2
9
4 6281
7 6281
3 6208
8
5 36
5 8
3 3027
7 6281
6 6281
2 6281
6 314
3 869
1 1675
1 9851
3 8952
8
9
7 7759
7 502
6 7759
4 1675
2 7759
4 7820
9
1 3581
5 3
2 3581
2 7820
1 8194
1 4750
1 6392
2 4750
4 502
8
5 34
4 6392
4 6392
4 1675
5 9
7 437
5 29
3 6505
6 6392
3 4250
8
8
8
6 6392
6 6392
8
7 1675
4 6392
6 1675
9
5 27
8
2 6392
4 437
4 8014
2 8014
3 8836
7 1675
2 8194
9
9
5 15
8
8
7 638
7 8354
5 1
1 8988
4 8354
5 16
2 8354
1 7820
6 7820
6 7820
1 1525
3 1308
3 3122
4 1525
4 7820
3 1004
8
7 7820
5 19
4 7820
2 7820
2 8686
1 2244
3 8258
2 314
1 1829
8
8
5 33
8
8
8
2 1525
9
6 1829
3 1429
1 342
6 1675
9
7 8916
5 13
1 7734
4 7734
4 1675
4 342
3 480
2 2244
1 888
9
9
4 1829
2 7734
4 8916
5 15
8
6 1675
9
7 8916
2 8916
2 8988
9
5 26
1 3725
2 1675
4 9244
7 3725
4 1829
6 342
4 1829
8
8
4 9244
7 3725
5 23
6 1829
2 3725
8
6 9244
1 4705
7 4705
6 1829
8
6 4705
5 9
2 1829
3 305
4 4705
5 1
1 4622
8
9
2 4622
6 703
5 22
5 10
9
9
3 3120
2 342
3 6906
3 3261
4 4705
8
1 972
6 4705
3 4217
1 5164
5 20
6 4705
6 4705
5 7
4 4705
5 9
5 13
1 6061
3 6131
3 7951
4 4705
7 4705
7 4705
1 2325
1 4447
9
9
8
1 3490
6 4447
5 21
4 888
3 9664
9
3 7212
1 8595
8
4 3490
1 469
8
8
3 2721
5 5
7 469
6 2325
3 9667
6 3490
7 3490
5 9
2 502
2 3490
9
6 888
3 9189
6 2325
7 4447
9
3 1344
8
7 2325
5 29
1 1540
7 703
4 437
7 4447
3 6360
6 4447
9
2 4447
5 14
7 437
2 4705
3 4029
5 27
7 5164
5 28
8
6 888
8
1 1494
6 1494
9
2 1494
3 2869
9
9
4 5164
7 1540
9
5 34
8
6 5164
5 14
1 1813
4 2325
2 5164
7 888
7 2325
6 6061
2 6061
7 8595
1 5133
7 5133
1 1333
8
5 23
7 437
8
6 5133
8
1 2659
4 888
5 9
2 5133
1 8568
5 24
3 630
2 8568
1 5295
3 5716
3 6103
3 2137
4 437
1 4650
7 4650
1 2642
1 5422
4 4650
8
1 3701
2 5295
2 2642
7 4650
5 25
7 4650
8
8
6 1333
3 8426
8
7 1813
7 1540
1 2514
9
6 3701
8
3 485
4 1333
3 7934
5 15
2 1813
3 2695
5 4
3 3626
1 6495
5 24
7 1333
3 3171
9
6 437
4 2325
8
4 1540
1 3133
4 437
3 4445
7 2325
4 2659
8
7 5422
4 4650
6 2514
6 2325
6 3133
8
1 2223
4 1540
6 1540
8
9
2 2223
3 5633
3 3915
3 9660
7 3701
1 4896
2 437
9
5 33
3 9571
2 469
2 3133
8
4 4650
1 3802
5 24
8
4 638
5 10
9
3 9105
9
5 39
4 2325
6 888
8
9
2 2659
3 6894
4 888
2 4650
1 6424
3 7780
8
9
4 2325
9
1 6378
4 1333
3 2749
4 638
9
3 3904
3 483
5 20
3 9290
6 638
9
2 3701
1 1894
2 3802
1 651
5 7
3 9849
6 638
9
8
9
7 4896
5 17
4 5422
4 638
7 4896
2 2514
5 17
8
6 888
2 1894
1 9911
3 1465
6 638
7 4896
8
2 4896
4 5422
7 5422
7 888
2 1333
5 30
5 25
8
9
4 638
5 30
6 5422
2 888
2 2325
2 5422
5 20
5 25
4 6378
2 638
3 9464
6 6378
3 8161
8
2 1540
3 7957
6 6378
7 6378
6 6378
5 5
2 6378
1 1277
5 11
8
1 7162
7 6424
5 26
3 2199
9
1 9629
9
7 6424
9
5 21
8
6 6424
6 6424
4 6424
8
9
4 6424
5 29
3 9760
8
2 6424
6 6495
2 6495
9
8
5 16
9
4 7162
6 972
9
8
8
6 7162
3 6798
9
4 7162
4 7162
3 4849
3 5481
1 5772
8
7 651
4 5772
7 5772
6 5772
9
3 971
6 5772
3 2245
4 972
6 5772
7 5772
1 3229
8
3 7373
6 5772
3 6069
2 3229
2 5772
8
7 7162
9
6 7162
3 9251
4 7162
9
8
7 651
5 33
9
9
6 7162
8
1 3264
8
4 1277
1 77
5 14
8
3 7363
1 4608
2 972
3 8461
9
2 1277
1 3713
8
9
6 3713
2 651
6 703
1 306
9
2 3264
5 26
3 3209
7 3713
2 3713
8
6 77
6 703
8
9
4 4608
9
6 703
4 4608
3 226
2 4608
5 31
3 7089
4 306
6 7162
9
2 7162
8
6 306
9
5 3
7 8595
2 8595
1 2417
9
6 9244
2 306
4 9244
5 15
6 2417
4 9244
2 9244
2 2417
6 703
7 703
9
6 9296
8
1 4065
6 4065
9
8
8
4 4065
5 20
6 4065
5 10
8
2 703
3 4421
5 18
2 9296
4 4065
5 24
3 2121
6 4065
4 4065
8
8
1 1860
6 1860
7 4065
9
8
4 77
5 9
8
7 4065
5 24
8
5 21
6 1860
4 4065
7 4065
7 1860
3 3934
2 4065
1 7707
3 6503
8
6 1860
6 7707
6 7707
1 849
7 7707
8
9
9
5 28
2 1860
2 7707
8
9
6 9296
9
5 19
6 9296
9
9
5 23
6 9296
7 9296
1 8550
6 8550
1 4346
5 14
9
2 4346
3 7279
4 8550
6 8550
9
9
6 8550
9
1 5984
1 4276
1 5431
5 10
7 4276
3 407
4 4276
2 4276
1 8978
8
6 5431
5 19
9
1 2545
1 8376
6 849
8
6 5431
5 8
1 6087
2 5431
1 7433
7 5984
2 2545
7 849
3 18
9
5 8
1 3095
7 5984
5 19
5 22
6 3095
4 3095
6 3095
8
2 5984
2 6087
7 7433
4 3095
8
5 25
1 9267
5 5
1 2028
4 3095
4 2028
9
4 7433
3 8629
3 863
8
9
4 2028
3 8929
9
5 29
1 2777
7 2028
7 849
1 1553
7 3095
1 6370
4 6370
5 18
7 6370
8
2 849
9
8
4 6370
2 1553
6 2028
9
3 5584
8
4 2028
4 6370
7 2028
1 3703
2 2028
7 6370
3 8832
4 2777
9
4 2777
1 3018
2 2777
9
4 3018
3 2699
8
2 3018
7 3095
3 8682
1 9688
8
6 3095
4 6370
7 3703
4 6370
1 9694
7 3095
9
4 3095
9
2 6370
5 25
2 3095
4 3703
6 3703
7 3703
5 31
6 3703
7 3703
4 3703
8
4 3703
4 7433
8
7 7433
5 11
6 7433
1 5080
4 5080
6 5080
5 35
5 6
8
6 5080
6 3703
7 3703
4 3703
8
7 77
1 8326
2 3703
7 5080
7 5080
3 566
4 5080
1 8413
7 5080
2 5080
7 7433
8
3 3781
2 7433
9
4 8326
9
1 5722
6 5722
4 5722
5 16
6 5722
1 4041
1 6413
7 4041
3 7812
2 4041
4 5722
6 5722
5 4
7 5722
6 5722
9
3 5146
7 5722
1 3039
3 9550
8
4 3039
3 546
9
6 5722
3 8051
5 29
2 5722
6 6413
7 3039
6 3039
1 3587
7 6413
4 6413
6 6413
7 3039
1 9646
9
7 3039
6 3587
5 22
4 3039
1 3309
8
7 3039
6 3039
9
1 75
4 6413
4 6413
5 9
8
8
1 9415
1 4398
6 3039
7 3309
8
7 3039
9
2 6413
2 3039
7 3309
4 3309
6 3309
2 3309
3 413
6 3587
9
3 6085
1 8645
6 8326
6 3587
6 3587
1 7667
3 7639
8
5 13
3 3269
8
3 5444
4 4398
3 68
4 3587
8
9
8
9
4 3587
6 3587
1 4507
5 5
4 3587
8
4 3587
8
1 9822
5 30
1 456
8
4 4398
4 3587
2 3587
9
5 1
8
6 4398
4 7667
2 4398
1 8137
5 20
7 4507
7 4507
5 7
8
3 8635
9
9
8
5 1
9
9
8
2 4507
3 6084
7 7667
2 7667
6 8137
1 1457
4 8137
8
1 2989
1 7486
7 2989
8
5 6
4 7486
6 7486
1 9962
3 7951
5 30
9
1 6503
9
3 6504
3 696
3 5211
2 1457
2 2989
9
2 6503
6 7486
2 7486
8
8
5 3
2 456
8
5 40
5 36
9
1 6683
9
6 6683
1 8143
7 6683
8
9
6 6683
1 7141
5 31
7 6683
9
3 2058
3 3656
7 6683
5 13
8
9
9
9
3 3660
4 6683
6 6683
3 7929
1 9077
4 6683
6 6683
1 3425
8
5 31
9
4 3425
5 44
4 3425
3 8343
5 9
4 3425
4 6683
3 8113
1 5025
7 5025
4 5025
5 25
7 3425
4 3425
7 3425
7 3425
2 5025
3 2451
3 465
6 3425
1 8234
4 3425
9
3 6706
9
7 6683
3 5650
1 9189
4 6683
5 9
1 7989
4 3425
8
4 6683
2 3425
4 6683
1 6989
3 1807
6 6683
7 6683
4 75
2 6683
4 6989
6 6989
7 6989
2 6989
2 7141
8
8
6 7989
3 9023
5 18
4 7989
2 7989
8
7 8137
1 8490
5 11
1 1132
4 8137
5 26
5 29
9
3 758
1 2490
2 1132
3 1383
9
7 2490
5 28
9
8
9
1 308
1 3568
1 6965
7 3568
3 2290
2 6965
1 5637
5 16
7 5637
3 5443
7 2490
5 41
4 5637
8
2 2490
5 3
7 5637
3 4511
8
7 75
4 3568
2 3568
2 5637
8
4 8137
4 8137
4 8137
4 8137
8
3 5838
9
6 308
2 8137
7 8143
1 4092
6 4092
5 16
1 4575
8
6 4575
7 4092
7 4092
6 4092
8
7 4092
4 4092
5 27
1 8074
2 4092
9
5 42
7 4575
5 16
9
5 22
4 4575
7 4575
2 4575
6 8074
5 7
6 8074
5 9
8
1 6136
6 6136
9
4 6136
1 6803
3 1243
1 1546
5 39
9
2 6136
8
6 6803
6 6803
7 1546
5 1
8
9
9
4 1546
2 6803
3 2425
9
4 8074
3 9207
8
8
6 8074
6 8074
7 1546
1 1226
4 8074
6 8074
6 1226
5 45
7 1226
9
9
9
2 8074
4 1226
8
8
4 8143
5 18
9
5 40
2 8143
4 8234
4 1546
5 45
1 3887
3 2855
6 8234
3 445
5 39
9
6 3887
8
1 5628
7 3887
1 1814
4 3887
2 3887
9
8
6 75
5 29
6 1226
8
3 5897
8
3 9931
8
7 1814
8
6 5628
6 5628
6 5628
4 5628
4 308
7 5628
7 5628
2 5628
4 1226
6 8234
5 23
8
6 1226
7 8234
2 8234
2 8326
7 8376
3 5848
6 8376
8
6 8376
2 8376
8
3 9351
3 285
7 1546
9
3 1338
4 1226
3 2701
5 29
3 5701
6 1814
1 6296
5 22
2 6296
1 4587
9
3 4397
8
7 4587
9
6 308
5 31
9
4 1226
7 1226
7 4587
9
6 4587
7 4587
9
1 498
5 12
1 3528
1 8214
1 1982
2 4587
2 1226
5 43
4 3528
4 1546
4 3528
6 8214
9
9
5 39
5 6
1 2902
3 4413
1 4330
8
1 3351
2 8214
5 27
6 3528
2 1546
8
3 1152
5 8
8
7 4330
1 8295
6 2902
6 4330
8
3 6109
3 4905
4 75
5 2
4 4330
2 4330
6 2902
5 25
6 2902
1 8416
7 2902
4 75
5 23
7 308
4 3528
1 3029
2 1814
2 8295
8
4 8413
3 6311
4 8413
6 1982
4 1982
5 2
4 8413
4 8413
7 1982
9
3 5221
6 308
1 2541
8
3 9928
8
3 5573
5 43
9
3 9487
7 1982
3 4339
7 8413
6 2541
2 1982
9
1 1080
6 8413
3 143
8
7 2541
5 31
8
5 9
8
4 3528
6 3351
1 5916
4 498
6 5916
8
3 9310
8
5 40
9
9
1 246
3 141
9
1 7010
2 5916
5 18
2 2541
2 2902
6 3029
4 7010
4 3029
8
2 3029
7 3351
4 498
1 8575
3 3997
9
7 7010
4 3351
1 622
5 7
6 75
1 5769
3 2566
6 5769
5 3
4 5769
7 1080
8
8
7 3351
4 5769
5 39
4 3351
5 11
8
1 6447
1 6372
9
9
7 5769
1 1671
2 3351
2 5769
4 6372
3 2037
6 1671
9
5 9
1 1421
9
2 498
2 3528
4 6372
6 6372
1 1846
7 1846
8
3 5011
6 1080
7 6372
7 6372
4 1846
6 6372
1 3644
1 8664
8
7 3644
1 646
5 20
9
9
2 75
1 7200
4 3644
4 3644
9
1 2929
2 3644
5 33
5 27
5 44
4 6372
3 9901
3 6371
8
8
2 6372
5 41
7 6447
4 1080
2 1671
4 308
3 5563
4 1080
5 22
3 8864
2 6447
3 6670
1 5789
7 5789
3 9498
6 5789
2 5789
8
7 1846
9
7 2929
3 1143
3 9483
6 1080
2 7010
9
9
1 8012
8
6 7200
4 1421
1 2014
4 7200
5 42
9
6 7200
7 1080
7 7200
2 1421
8
9
1 2065
1 7499
7 246
6 646
8
2 7200
1 6625
5 23
7 622
9
3 365
3 3343
1 5294
1 6844
1 1303
1 9016
2 1080
8
6 1846
7 5294
5 51
3 4775
3 2746
6 5294
3 4345
1 6756
5 23
5 23
4 5294
5 47
1 9438
4 5294
9
2 1846
7 5294
7 2929
5 40
4 622
8
8
5 53
2 5294
9
9
3 3161
2 6625
2 622
4 2929
3 895
2 6756
6 6844
9
5 27
7 6844
7 6844
8
1 5835
9
3 3335
1 7602
6 5835
6 2014
9
7 1303
2 2014
5 26
1 3293
5 26
5 20
3 4776
3 9798
5 3
4 646
4 2065
6 5835
9
9
4 5835
6 2065
6 5835
7 3293
5 7
5 10
9
2 3293
6 2929
6 646
7 5835
8
1 5729
4 5729
4 2065
8
3 1779
3 6521
6 5729
9
9
5 35
6 2929
8
1 545
6 2065
8
7 2065
9
3 847
1 3310
4 2929
1 8722
2 2929
5 46
5 35
4 1303
9
7 3310
5 50
5 45
4 5729
1 6249
5 10
2 3310
4 5729
2 5729
1 2706
8
1 497
9
2 2706
2 246
2 1303
7 5835
8
8
6 5835
4 5835
1 4352
1 4207
5 38
1 659
1 1733
2 5835
8
1 7263
7 4207
8
1 3156
9
6 1733
1 8388
4 2065
9
4 2065
4 3156
6 3156
6 6249
1 202
5 54
9
5 7
2 6249
9
4 1733
3 1728
8
9
9
8
9
2 2065
7 4207
3 1470
6 1733
4 4207
1 5361
6 1733
6 1733
5 51
5 63
5 62
1 7909
3 3841
3 6445
2 3156
8
5 31
7 4207
6 4207
4 1733
5 20
5 2
4 5361
6 4207
5 45
1 8394
8
3 3632
2 497
3 8041
9
1 4390
3 5727
4 4207
2 4352
9
6 5361
3 6385
6 659
4 4207
9
2 5361
6 4207
1 4005
2 4005
8
3 9727
6 4207
7 4207
4 4207
8
1 9092
3 2934
9
3 9448
9
3 6000
3 9593
6 1733
1 2426
3 2260
8
1 8723
6 4207
5 22
7 2426
2 1733
5 36
8
2 4207
4 6844
4 4390
4 77
2 2426
5 37
3 8283
6 4390
3 7922
5 54
2 4390
4 6844
6 6844
4 6844
3 2680
6 6844
7 6844
3 5304
9
1 4021
3 3558
8
5 23
4 4021
6 4021
8
2 6844
3 5442
3 9689
4 659
9
5 7
6 4021
6 4021
7 4021
4 4021
2 4021
7 7263
9
4 7263
6 7263
8
2 7263
9
6 7499
3 3399
9
4 7499
6 7499
9
1 3031
3 4631
8
1 7850
3 9221
4 7499
8
6 3031
2 3031
7 7499
1 1043
2 7499
2 7602
5 12
6 7850
1 7839
7 7839
7 7839
9
6 1043
1 8256
1 7974
6 7839
4 545
6 7839
8
7 7839
1 2715
6 545
9
3 9290
7 7839
1 8771
9
4 7839
1 726
9
6 7839
9
8
4 1043
1 7231
1 1217
2 2715
2 7231
3 5802
7 7839
6 7839
4 7839
1 3878
7 3878
5 32
3 7288
4 3878
6 3878
5 12
5 36
2 77
6 7839
1 3287
6 726
8
5 24
5 8
5 62
4 7839
4 545
9
2 1217
1 7088
8
1 9891
9
9
8
6 7088
1 5184
1 5780
9
8
1 7829
2 3287
6 3878
3 49
4 5184
3 6965
2 3878
8
2 5184
5 19
8
5 64
1 4826
2 4826
1 6439
9
5 56
4 5780
8
1 3017
9
8
1 9269
2 3017
9
7 5780
6 5780
4 5780
5 33
4 5780
9
8
8
5 33
4 5780
4 5780
5 6
4 5780
8
6 5780
4 545
4 5780
2 5780
9
4 6439
3 6319
8
5 48
9
9
6 1043
7 6439
3 3401
8
8
2 6439
1 8335
1 5335
2 646
3 9563
6 5335
3 6572
3 4353
4 5335
6 5335
9
5 48
3 8112
4 5335
8
4 5335
1 7873
7 5335
2 5335
3 8816
7 7088
8
2 7088
8
7 1043
5 13
6 7829
6 7829
8
3 4812
5 64
3 902
1 6195
4 6195
1 9528
1 1487
5 64
2 202
2 545
4 1043
7 6195
1 8638
8
1 1939
5 45
9
9
7 1487
1 7599
4 6195
8
4 6195
9
1 1240
3 1200
7 6195
9
6 1939
5 47
2 6195
1 5270
5 63
7 5270
7 5270
2 5270
5 22
4 7599
1 6220
7 6220
3 3245
5 65
7 1240
1 8103
7 308
4 6220
3 433
5 42
1 5316
4 5316
9
9
3 4261
1 7926
3 3523
5 68
8
4 1043
1 7515
2 5316
2 6220
3 9118
3 5994
1 1798
6 1939
9
1 5253
8
4 5253
4 5253
1 3621
2 3621
5 54
5 63
7 1487
1 481
5 75
7 5253
6 5253
5 26
5 25
4 5253
9
4 5253
4 726
2 5253
3 6642
1 2404
4 7515
6 7515
1 3290
1 7418
1 9551
1 4902
6 308
6 2404
3 4456
3 4783
8
6 308
5 65
3 152
1 1674
2 1240
4 1674
9
9
5 49
2 308
1 4753
2 481
8
6 3290
7 1487
1 1351
4 2404
8
2 4753
3 9103
6 4902
8
8
4 7418
8
6 4902
9
6 1351
4 2404
6 4902
4 3290
1 4088
3 1237
3 1250
6 3290
4 3290
6 3290
5 81
4 1351
7 79
3 4979
6 659
5 54
9
9
5 46
7 1674
7 4902
4 1351
6 2404
8
3 6226
3 6321
1 6043
7 1043
3 9841
7 4088
9
1 400
5 58
1 3839
9
9
3 9019
3 9015
8
5 83
4 4902
1 715
7 3839
2 1487
8
3 3337
5 25
8
4 6043
3 5422
7 400
4 400
2 6043
5 62
6 3839
7 4902
7 400
2 4902
1 8396
4 3290
7 7418
5 59
7 2404
3 3444
1 7996
1 102
8
8
3 9601
9
2 1351
8
3 1064
5 15
9
6 2404
8
3 1540
3 6402
2 1674
6 7418
6 3839
8
1 3149
6 1798
9
2 3839
9
2 4088
2 7418
4 3149
7 1798
8
5 46
5 13
5 28
1 4595
1 3972
3 8630
2 2404
7 1043
9
9
1 1967
2 3149
7 1798
8
1 3184
7 3184
9
3 7629
8
6 3184
7 1798
9
6 1798
9
1 5734
4 1798
6 5734
4 1043
3 9532
7 3184
8
7 3972
2 400
3 5480
7 1798
5 49
5 8
3 7378
3 6610
7 5734
9
2 5734
5 3
2 3290
1 5863
9
7 3184
7 1798
2 3184
8
7 659
3 3667
8
7 3972
9
1 8664
9
9
8
9
8
2 1798
5 58
9
1 4311
9
4 715
7 715
6 1939
1 7960
2 3972
9
9
3 7976
5 46
5 10
8
2 659
5 20
8
2 4311
7 4595
5 73
5 5
5 27
4 1939
6 1939
9
9
6 4595
9
7 5863
3 5591
6 1939
3 6747
2 4595
2 5863
9
7 7515
5 68
2 7515
9
1 5451
3 831
6 715
3 4351
3 7324
7 5451
3 1521
5 1
8
3 7049
6 715
7 1939
2 5451
1 144
8
3 1879
1 2898
9
9
1 9133
4 102
4 7599
4 2898
1 9161
4 715
1 1092
3 585
6 1043
7 2898
3 3220
2 2898
4 7599
4 715
7 7599
9
1 1343
6 1939
6 7599
5 52
8
7 7599
4 7599
8
2 7599
1 9474
3 7654
5 58
6 7829
6 7829
5 65
3 7877
1 4442
8
5 43
1 5193
8
2 4442
6 1092
7 5193
6 5193
7 5193
6 5193
6 726
4 5193
5 10
4 5193
9
4 5193
2 5193
5 4
2 1343
6 7829
9
5 13
7 715
4 7829
4 7829
2 715
8
5 6
9
6 1939
9
3 9278
1 9617
8
4 1939
6 1043
9
3 7560
1 576
2 1939
1 7340
6 1967
1 6987
7 6987
1 924
2 6987
2 7340
8
9
4 1043
5 53
3 2716
5 81
8
3 8715
7 7829
3 4972
3 78
7 7829
4 576
8
7 7829
5 73
9
4 7829
1 7690
8
6 7690
8
4 7690
7 1967
2 7690
3 2274
1 4307
2 4307
6 1967
7 7829
1 623
6 1967
5 14
1 7237
9
1 4972
2 4972
5 20
7 1092
6 7237
3 4078
5 81
4 7237
4 7237
1 629
3 9335
7 576
2 7237
2 7829
3 6045
1 5731
8
1 5674
9
6 576
4 5674
3 4837
2 576
9
7 623
2 1967
9
7 5674
1 8772
8
2 5674
8
1 7022
9
5 40
7 5731
4 5731
8
7 5731
3 9473
8
8
6 5731
3 5260
1 7003
6 924
7 5731
4 5731
7 5731
6 5731
5 17
1 9845
6 5731
2 5731
3 188
7 102
4 7003
3 8123
7 7003
9
8
2 623
6 629
4 7003
7 1043
2 7003
6 7022
9
1 5601
2 5601
1 8331
7 7022
2 7022
7 7839
7 7839
2 7839
9
3 1662
3 487
9
4 7850
8
2 7850
3 4604
2 7873
4 726
9
4 7909
1 7251
6 7251
1 7062
6 7062
8
6 629
7 7062
7 7062
8
5 77
6 7062
7 924
8
1 8145
9
1 6512
7 6512
8
3 4769
2 6512
8
3 6678
6 7062
4 7062
8
9
8
2 144
3 6064
2 7062
8
3 2579
7 7251
1 5300
3 2022
2 5300
6 7251
7 7251
1 7843
9
6 7251
1 6950
4 6950
8
2 6950
6 7251
5 47
3 1694
9
2 7251
5 59
6 7843
9
8
7 629
9
4 7843
6 1043
6 7843
2 924
7 7843
3 5210
9
4 629
6 7843
7 629
7 7843
6 7843
5 28
4 7843
9
7 7843
5 5
3 8601
4 7843
8
8
5 23
8
3 4573
3 2589
6 7843
5 60
6 1043
1 8863
1 2209
7 7843
9
3 4803
1 4252
8
8
9
4 2209
6 1043
3 3512
6 7843
8
4 2209
8
7 4252
7 4252
9
9
9
3 4956
1 1800
8
5 72
5 68
9
2 2209
3 6783
3 9502
8
5 65
9
4 1043
3 817
3 9890
6 4252
3 5966
1 2760
4 1043
2 4252
3 1020
7 7843
4 629
4 7843
5 53
2 2760
4 7843
4 7843
1 7157
4 7157
5 14
1 2627
4 7157
8
5 15
1 4107
8
9
5 82
8
1 632
6 629
6 4107
4 629
6 7157
5 82
8
8
8
4 2627
3 1372
6 1800
7 629
9
2 4107
4 629
5 19
4 7157
6 726
2 7157
5 59
4 7843
8
7 7843
8
4 1800
4 7843
7 2627
7 1800
5 37
6 7843
1 9058
8
2 7843
3 8345
6 7909
1 6400
7 6400
9
9
5 76
5 75
1 9862
2 6400
2 7909
5 58
7 2627
4 7926
3 9180
8
2 7926
6 7960
4 629
2 726
1 3559
4 7960
7 3559
7 7960
3 4483
3 4364
8
9
3 6171
8
9
6 7960
5 54
2 7960
2 2627
4 102
5 1
1 5401
5 39
4 629
3 141
9
5 5
3 2524
7 629
7 629
2 1800
5 39
1 1173
1 611
7 1043
1 8497
9
8
5 9
5 37
2 1043
4 3559
6 1092
3 3381
9
8
2 1092
9
7 5401
9
8
3 2873
7 5401
7 5401
7 3559
6 3559
4 5401
8
7 5401
7 1173
7 3559
7 3559
3 3536
7 3559
6 3559
3 7917
8
4 5401
6 5401
6 3559
9
7 3559
4 79
7 79
5 82
5 77
1 6927
1 4728
7 79
2 611
8
6 3559
8
1 1285
9
1 795
1 9822
8
2 3559
3 8716
5 9
4 4728
2 4728
9
3 5986
8
8
7 5401
6 629
7 5401
6 5401
7 5401
1 4733
9
4 4733
2 4733
4 5401
7 5401
2 5401
3 1588
5 2
9
4 6927
1 5933
6 5933
7 5933
6 5933
3 390
4 79
8
9
2 5933
4 6927
8
1 8102
3 5691
3 9661
5 13
6 795
7 6927
9
2 6927
6 629
2 629
9
2 7974
9
6 1173
8
6 7996
1 157
6 7996
7 632
9
3 972
3 5094
9
9
5 42
4 7996
1 2610
4 7996
3 809
9
1 4457
4 2610
4 1173
7 1173
5 4
6 4457
5 52
8
9
1 593
3 7602
4 2610
7 593
5 66
3 6191
7 4457
8
7 4457
8
7 2610
7 7996
9
1 3431
6 4457
7 7996
9
8
2 4457
2 7996
7 8012
8
1 4784
1 9812
2 1173
7 1285
7 2610
3 5870
1 8747
4 4784
4 4784
2 8012
2 3431
7 4784
9
8
7 4784
7 2610
1 9696
2 4784
5 8
5 29
7 8102
2 8102
4 8103
8
6 2610
2 1285
2 8103
4 795
6 8145
8
5 1
4 8145
8
3 7444
2 8145
5 79
7 8256
9
5 52
2 8256
5 3
9
4 8331
5 14
3 1701
8
2 8331
8
4 2610
6 8335
5 77
7 795
6 2610
8
5 25
7 2610
5 55
2 8335
2 8388
2 2610
1 4013
9
1 2156
9
2 4013
8
9
6 8394
8
4 8394
2 157
5 39
3 4701
6 8394
4 2156
9
4 8394
7 2156
3 9948
1 9353
1 3329
2 8394
4 8396
9
5 74
8
4 2156
9
5 32
1 6233
3 5410
4 6233
8
7 3329
4 3329
5 47
4 6233
7 2156
6 593
6 3329
5 6
4 2156
2 2156
9
3 7118
3 8247
9
3 1577
7 6233
3 7328
3 2272
7 6233
6 6233
4 3329
1 5127
4 5127
4 5127
9
2 3329
2 5127
1 4425
6 4425
5 16
4 4425
5 24
1 4822
4 632
3 9073
7 4425
8
2 4425
8
5 4
8
8
7 4822
8
1 8762
7 4822
5 5
3 3161
3 6773
8
6 593
2 593
5 48
7 4822
9
2 4822
4 632
4 6233
6 6233
4 6233
4 6233
6 6233
8
6 632
7 6233
6 6233
5 43
7 6233
8
8
5 48
5 54
6 79
1 9430
5 16
6 6233
1 7575
8
5 60
2 795
6 6233
3 7018
2 6233
7 632
7 632
5 56
2 7575
2 8396
7 8413
3 6223
5 68
8
6 8413
9
3 3134
1 125
1 9713
6 8413
8
2 8413
9
8
6 8416
8
2 632
9
6 8416
2 8416
3 5440
4 8490
4 8490
5 34
1 6066
3 1228
2 6066
6 8490
9
4 8490
4 8490
5 45
8
4 8490
2 8490
2 8497
3 8376
3 303
7 8550
2 8550
3 2957
4 8575
8
5 4
4 8575
7 8575
6 8575
7 8575
4 8575
5 48
3 1069
1 1590
4 79
4 8575
9
7 1590
4 1590
5 10
9
2 1590
4 8575
3 5052
3 2143
9
2 8575
4 8638
2 8638
6 8645
9
7 8645
3 5541
9
3 423
2 8645
4 125
4 8664
2 8664
7 8664
3 1331
9
9
4 8664
7 8664
9
7 8664
5 43
7 8664
8
3 890
2 8664
5 54
6 8722
4 8722
4 8722
2 8722
5 23
5 46
9
6 8723
2 8723
5 7
6 8747
4 8747
1 3129
3 4260
4 102
1 7429
9
7 7429
3 6546
1 436
8
7 7429
4 7429
7 3129
1 7720
7 3129
1 1756
1 7596
2 1756
4 7429
8
8
6 3129
2 7429
6 3129
2 3129
1 6820
6 6820
2 6820
7 7596
9
2 7596
7 7720
7 7720
7 7720
3 4252
5 5
3 6583
5 3
4 7720
9
3 3400
5 1
1 9218
3 124
1 4560
6 4560
8
8
8
6 125
7 4560
7 7720
9
2 4560
6 7720
3 1088
2 7720
1 8293
5 26
7 8293
7 8293
2 8293
3 1183
7 8747
6 8747
7 8747
3 9499
3 3255
5 28
8
2 8747
9
8
1 861
6 79
8
4 8762
3 7200
8
3 4042
6 8762
8
6 436
3 9123
1 4818
2 4818
3 5477
9
8
6 8762
6 8762
5 16
1 1965
9
6 8762
1 7730
6 1965
7 1965
5 32
2 7730
4 8762
8
6 8762
9
8
5 14
9
8
9
7 8762
6 8762
8
7 861
4 8762
4 436
9
1 9706
8
3 7110
3 4216
4 8762
2 8762
5 34
8
9
5 1
5 9
3 6969
4 8771
2 8771
4 8772
5 52
5 27
3 9799
2 8772
7 8863
2 8863
4 1965
4 1965
2 8978
9
6 1965
4 9016
2 9016
4 9058
5 34
8
4 1965
8
3 6141
7 9058
1 8545
2 8545
4 436
8
3 2661
2 861
3 5730
8
8
6 1965
3 7151
2 1965
5 50
3 5565
1 4620
3 3303
9
6 4620
6 4620
8
8
5 7
7 4620
8
8
9
7 125
7 9058
6 4620
8
7 4620
8
6 4620
4 4620
9
3 1420
6 4620
4 4620
5 47
6 4620
1 2287
8
8
8
9
7 2287
6 2287
5 33
7 9058
5 33
5 43
5 39
8
3 862
2 4620
4 9058
1 1375
1 9538
7 9058
8
9
5 8
6 9058
8
7 9058
5 30
4 9058
6 1375
3 94
1 6319
5 23
3 3394
8
5 60
3 3528
4 6319
3 8427
8
3 8105
4 2287
1 9145
8
2 6319
4 9058
5 23
8
4 9058
2 9058
5 16
3 2749
7 9077
2 1375
7 2287
8
6 9077
2 9077
7 2287
5 48
8
3 3289
7 2287
4 9092
9
5 30
7 2287
5 1
4 9092
9
3 2089
5 38
7 2287
9
4 9092
7 79
4 9092
8
9
9
3 5062
5 47
2 9092
5 32
5 22
8
1 4499
5 25
4 9133
2 4499
2 2287
3 9567
1 3749
1 2900
5 19
8
8
5 13
5 29
3 7360
1 1798
9
8
2 9133
8
2 1798
6 2900
2 2900
1 9443
1 2887
1 5655
3 2099
1 9003
6 2887
3 9877
6 2887
5 19
3 5119
2 2887
9
2 5655
7 79
2 3749
7 9003
8
7 9003
6 9003
6 9003
1 2766
1 3445
4 2766
8
5 43
1 6656
1 7234
6 3445
5 40
4 2766
2 6656
6 2766
4 3445
2 2766
1 5653
2 3445
3 7017
7 79
7 436
9
7 5653
6 5653
1 8193
6 5653
7 5653
7 5653
5 1
7 5653
9
9
4 5653
3 278
5 6
5 36
8
3 2150
1 4456
2 4456
3 67
1 3341
4 102
6 5653
7 3341
5 19
9
1 4207
2 3341
3 2503
1 3325
2 3325
4 5653
6 4207
2 5653
5 38
6 4207
9
1 8524
4 125
8
1 9199
9
7 4207
9
8
2 4207
3 2822
5 58
2 7234
3 6069
4 8193
3 1082
4 8193
5 27
7 8193
2 8193
5 8
4 8524
1 8128
6 8128
3 1630
7 8128
4 8128
2 79
9
8
4 8128
2 8128
6 8524
5 32
1 6019
7 6019
9
6 6019
9
8
4 6019
5 57
3 1840
8
1 9977
5 32
1 9376
5 25
2 6019
6 8524
3 9756
4 8524
9
1 5540
1 8070
2 5540
6 8070
7 8070
1 2462
2 2462
7 8070
9
1 9727
4 8070
9
1 792
2 8070
7 8524
4 8524
3 3225
6 102
2 8524
3 9444
8
2 9003
4 9145
1 9864
7 9145
2 9145
1 1084
5 22
8
4 436
6 9161
1 2899
8
2 792
6 9161
8
3 9777
7 1084
9
6 2899
1 6508
9
6 2899
4 2899
4 6508
7 6508
1 6354
4 2899
5 42
9
7 2899
2 6354
1 5100
3 3146
8
9
5 18
5 54
9
1 610
8
9
8
7 2899
5 42
1 150
4 5100
8
9
1 5880
9
7 2899
1 7026
8
9
9
3 230
9
8
1 6129
3 4532
7 2899
1 8292
2 5100
8
3 4143
5 61
4 5880
6 1084
5 64
5 18
2 5880
8
8
9
2 2899
2 6129
7 6508
9
5 54
4 1084
4 610
8
8
6 6508
4 436
2 6508
5 15
7 436
3 948
8
6 7026
9
8
8
9
5 5
7 436
1 6035
7 6035
1 5761
4 5761
6 5761
5 62
6 5761
1 825
4 5761
2 5761
3 3352
4 6035
3 6416
2 6035
6 7026
8
4 7026
6 102
2 7026
9
5 42
9
3 1630
5 40
8
5 55
9
8
8
7 8292
5 25
1 3593
9
3 1764
1 5496
9
2 3593
4 5496
9
3 2173
9
8
9
8
4 5496
2 5496
7 825
9
4 1084
8
5 49
9
8
3 9590
9
3 9255
8
7 8292
8
9
7 825
9
5 55
9
6 1084
8
3 4206
2 8292
1 5056
6 5056
4 610
4 825
4 5056
6 5056
8
9
3 6941
7 5056
7 5056
9
6 5056
2 5056
7 125
3 1569
4 436
6 9161
3 6636
7 9161
6 1084
2 9161
5 25
7 9189
4 9189
3 9744
9
2 9189
9
6 9199
9
1 3805
8
8
9
5 54
5 39
5 58
4 3805
4 3805
5 15
8
6 3805
9
2 3805
7 9199
9
3 1656
3 62
9
5 62
3 7885
9
1 8632
8
5 52
2 8632
4 1084
4 436
9
6 436
3 5873
1 3973
7 3973
8
7 3973
5 59
4 9199
4 3973
5 43
7 3973
6 102
5 34
7 9199
6 9199
6 3973
6 9199
4 3973
1 80
5 64
8
8
3 7922
6 3973
4 436
9
4 3973
4 3973
1 7700
9
8
8
4 3973
7 436
8
4 3973
6 3973
2 7700
6 3973
5 11
8
5 15
2 9199
5 46
6 3973
6 9218
5 38
3 9722
4 3973
7 3973
2 3973
1 4882
1 9759
8
9
9
2 4882
5 28
5 55
6 9218
4 9218
9
1 295
3 7408
6 295
5 22
6 1084
2 9218
6 9267
3 2656
2 9267
4 9269
9
6 9269
4 295
6 9269
1 9564
5 40
8
8
7 9269
9
1 1696
9
7 9269
2 9269
6 436
4 9296
5 44
5 31
1 9408
2 9296
2 9329
9
4 825
3 2489
4 610
3 7297
3 520
8
5 29
6 9334
6 9334
7 1084
8
3 3811
8
7 9334
3 528
8
4 9334
4 9334
6 9334
6 9334
9
5 21
8
2 9334
5 22
4 9352
9
7 9352
2 9352
8
2 9353
8
3 5953
9
5 55
7 1696
1 6076
8
6 6076
7 6076
5 55
3 4019
8
9
8
5 36
2 1084
7 6076
4 6076
6 6076
8
1 7933
2 1696
3 8434
3 9224
6 6076
6 6076
4 6076
4 6076
4 6076
2 6076
8
6 7933
9
5 54
5 47
2 7933
1 5422
8
4 5422
1 5436
1 286
9
7 436
2 5422
5 42
3 4127
8
2 5436
2 825
4 9376
6 9376
3 6553
8
1 7321
5 18
7 7321
4 7321
1 8465
1 394
5 22
2 7321
6 8465
2 8465
6 9376
3 2071
2 9376
6 9408
1 3584
3 6354
2 3584
2 9408
1 2046
1 65
5 55
9
7 2046
8
5 35
1 5109
7 5109
4 2046
7 5109
9
2 5109
8
9
3 5724
8
9
7 9415
2 2046
3 5410
3 3470
8
3 4475
4 436
2 9415
2 9430
3 3940
9
4 9438
3 2953
5 38
2 9438
4 610
1 6007
1 7382
8
4 6007
7 6007
5 33
8
7 6007
7 6007
7 6007
7 6007
8
4 6007
5 4
9
4 6007
4 6007
7 6007
9
2 6007
6 7382
4 65
1 2792
8
1 9010
1 830
8
9
5 11
6 830
4 7382
4 7382
6 7382
6 2792
9
2 2792
8
1 256
6 286
2 7382
1 2253
9
3 6608
1 1518
2 286
6 9010
3 8215
5 49
4 9010
7 1518
8
9
1 8447
7 8447
8
1 1060
1 5100
3 107
8
9
4 610
2 5100
3 7016
2 8447
1 4595
2 1518
8
2 295
8
7 394
9
6 1060
1 9428
9
1 3786
2 436
3 9420
1 4196
5 47
8
4 830
7 3786
7 3786
7 2253
9
2 3786
6 2253
6 4196
7 394
3 9249
7 65
4 2253
4 4196
9
7 4196
4 4196
4 4196
5 6
9
4 4196
3 1667
6 4196
7 4196
4 2253
9
4 4196
2 2253
7 4196
8
8
5 31
3 453
5 6
5 57
4 4196
1 6312
4 4196
3 6411
8
7 4196
6 4595
5 58
1 5119
5 54
1 7254
6 4196
2 4196
5 7
8
8
6 394
5 42
9
7 4595
9
5 15
5 1
6 4595
1 8356
6 4595
7 4595
6 4595
8
5 46
7 394
4 4595
4 4595
5 61
7 256
6 4595
3 7397
5 10
1 2683
6 2683
2 4595
1 5582
2 5119
4 2683
5 39
8
8
2 830
9
2 5582
3 1510
8
2 6312
5 21
5 23
1 3876
6 3876
9
9
2 2683
6 3876
1 3810
2 7254
5 36
3 614
1 2451
7 8356
4 2451
6 8356
6 2451
5 44
7 3810
7 3810
7 8356
1 6043
9
7 2451
8
6 3810
5 2
9
9
6 2451
1 7865
9
7 65
3 9342
2 3810
4 1060
3 2568
7 610
8
7 3876
1 792
8
9
7 610
6 2451
2 3876
4 6043
8
4 6043
8
4 2451
9
1 4108
5 49
5 30
4 2451
8
6 610
1 5030
3 7511
6 5030
8
1 9945
9
2 2451
8
1 9954
4 4108
3 6758
8
4 4108
5 5
4 610
8
7 1060
8
4 5030
1 7572
3 3538
7 5030
7 4108
7 5030
8
1 2107
9
5 60
4 4108
6 4108
7 610
8
4 2107
6 2107
6 4108
3 8006
1 2415
5 8
1 3337
6 2107
5 10
7 4108
4 610
7 792
5 54
6 5030
7 3337
1 8981
8
2 5030
3 5242
1 3378
3 4833
3 2979
5 29
6 2107
5 39
1 7078
3 9902
7 3337
1 2207
9
3 2278
5 31
9
1 2744
5 64
8
9
9
9
9
2 2107
9
1 7062
3 2747
9
8
9
4 4108
1 1273
7 2207
6 2207
4 6043
7 3337
3 7897
1 8254
5 32
1 8848
3 6736
5 38
1 5218
5 42
9
4 4108
3 307
2 610
9
4 792
1 444
9
3 1851
2 5218
7 1060
5 42
3 7858
1 9315
2 2415
3 615
8
9
1 1418
8
9
9
9
4 2207
8
4 6043
6 3337
2 1060
3 9535
1 242
2 3337
6 3378
6 65
7 394
7 2207
1 9031
2 4108
1 4643
9
5 62
4 2207
2 4643
4 6043
8
8
6 6043
5 20
9
5 8
7 792
4 2207
3 2501
7 2744
4 3378
6 1273
5 49
1 371
4 6043
3 9660
2 2207
3 4046
1 3691
6 2744
2 6043
1 9075
2 2744
5 38
1 8800
4 3378
6 1273
8
1 6397
1 9069
4 792
7 6397
9
9
5 38
8
4 3378
9
4 444
6 6397
7 1273
7 6397
7 3378
8
4 3378
3 4910
5 46
9
3 7220
5 51
8
2 792
8
2 1273
9
2 1418
8
7 6397
5 23
7 3378
6 3378
6 6397
5 52
6 6397
3 1718
1 3554
8
3 7183
2 6397
8
9
9
9
6 371
4 150
8
6 7062
2 3378
1 7215
8
5 58
4 3554
8
8
7 7062
1 2214
3 4121
5 57
5 1
2 2214
5 26
9
6 3554
8
2 3554
5 28
8
8
4 7062
6 3691
6 3691
5 54
6 3691
2 3691
2 7062
4 7078
8
8
6 7078
5 52
1 7531
2 7078
2 7215
3 1629
5 52
6 7531
2 7531
6 7572
4 7572
5 23
9
5 3
8
3 137
8
5 69
9
5 64
2 7572
4 7865
5 47
7 7865
2 7865
9
5 20
4 8254
9
1 1685
3 8587
6 1685
7 8254
7 256
8
9
7 371
5 49
5 38
3 6982
8
1 9756
7 1685
4 1685
6 8254
7 8254
9
6 242
1 5361
5 56
8
7 5361
7 444
3 9008
7 5361
5 68
5 53
9
2 5361
2 8254
4 1685
5 46
4 8356
7 8356
8
9
1 2956
3 8536
8
1 3930
8
2 2956
2 242
8
7 3930
3 8472
5 35
2 3930
6 8356
3 7315
5 8
5 15
1 2400
1 1368
7 8356
2 8356
9
3 3531
3 2661
8
3 9007
7 2400
8
2 8800
7 2400
2 8848
7 8981
2 1368
9
6 8981
9
3 8669
7 8981
9
4 8981
8
5 45
8
7 8981
1 5516
8
3 2758
5 38
2 5516
7 8981
8
9
3 4151
9
6 8981
4 8981
6 8981
5 16
2 1685
9
3 2117
8
2 8981
3 9437
1 2880
2 9010
6 2400
7 2400
7 2400
9
8
5 45
2 9031
6 9069
4 9069
8
7 9069
1 2102
4 9069
8
1 2038
9
5 11
9
2 9069
5 25
8
6 256
1 8523
6 371
2 8523
5 20
5 14
8
1 3075
3 9486
3 3696
1 4516
8
8
2 2880
1 7407
7 65
8
1 450
2 7407
7 2038
7 4516
3 1200
2 2038
7 4516
1 4618
7 4516
5 11
5 41
6 3075
1 6626
7 444
7 256
6 2400
1 565
3 6831
1 3125
7 2102
5 26
5 29
9
5 32
1 8174
1 4925
9
9
3 3064
1 2036
5 45
9
6 4516
3 450
3 82
5 51
6 102
6 371
1 2116
3 8892
2 256
4 4516
6 3075
2 4516
4 2400
9
1 3801
3 26
8
7 4618
5 40
6 3801
9
6 371
4 3075
8
2 4925
1 3674
9
6 2400
3 7410
7 2036
7 6626
2 3075
4 3674
5 24
1 5608
6 3125
4 4618
5 20
2 4618
9
1 9749
7 5608
9
8
3 163
2 2036
8
5 1
3 4542
5 15
9
6 5608
9
1 7462
4 5608
9
7 5608
5 71
5 3
5 37
4 371
8
4 3125
6 65
8
7 371
1 8513
2 2400
3 4990
1 9218
9
8
4 444
1 8269
8
5 23
9
2 5608
1 5115
3 62
6 3674
9
9
4 2102
2 2102
2 150
1 5096
1 6934
2 3125
3 6857
6 2116
8
9
7 5096
5 58
4 2116
9
6 5096
2 2116
8
8
1 2099
2 3674
5 18
4 5096
4 3801
2 5096
4 2099
1 6182
1 5636
6 3801
1 6699
4 5115
3 842
5 70
9
4 3801
6 2099
7 3801
8
6 5115
4 5115
3 8617
8
4 5115
7 3801
9
6 2099
1 1345
6 2099
6 3801
4 1345
6 2099
4 1345
3 4962
3 8220
4 3801
8
9
8
7 2099
7 5115
3 1466
8
8
8
9
5 17
1 1871
6 565
8
4 3801
6 3801
9
6 1871
3 2981
7 2099
3 5582
5 49
9
9
4 3801
7 3801
7 1345
1 465
8
4 444
5 38
8
6 5115
2 1871
5 34
5 23
7 3801
4 2099
9
6 1345
3 7154
1 6163
6 1345
2 2099
9
3 4635
9
9
6 5115
2 1345
5 63
1 2940
7 2940
3 2161
8
1 9917
3 5915
1 9530
5 7
9
6 5115
5 74
1 7259
3 3940
5 44
3 4482
4 5115
8
8
3 8788
6 2940
7 3801
1 6230
4 5115
3 3814
5 77
3 4666
3 7888
1 3169
7 2940
7 5115
5 79
1 3434
9
6 3169
6 3434
6 2940
7 2940
4 125
7 5115
9
4 2940
9
6 5115
5 42
8
3 6595
2 2940
5 35
5 35
7 3169
6 3169
5 68
9
3 6681
2 3169
3 4100
4 3434
4 5115
8
8
9
8
1 4257
4 3434
8
9
1 288
6 5115
2 3434
4 3801
9
8
6 3801
2 3801
5 59
6 4257
4 4257
1 5599
2 4257
8
7 5115
6 288
9
5 47
9
6 5115
3 6524
8
5 48
3 4317
2 565
5 78
6 5115
6 5115
4 5115
2 288
6 5115
6 5115
8
3 3924
2 5115
6 5599
2 5599
4 5636
2 5636
2 6163
8
8
2 6182
2 371
5 71
9
2 6230
6 6626
1 216
8
4 6626
4 6626
2 6626
4 444
5 62
6 216
9
7 6699
7 6699
5 14
8
7 6699
9
9
9
3 7973
4 6699
6 6699
7 6699
3 3658
3 9060
1 2895
7 2895
6 2895
6 2895
2 6699
5 29
8
2 2895
7 6934
7 6934
4 6934
9
8
5 52
8
5 19
7 65
4 6934
3 9682
6 6934
4 6934
9
2 6934
6 7259
8
3 3130
4 7259
2 7259
2 7462
7 8174
8
8
4 8174
6 8174
8
3 2813
7 8174
9
4 8174
2 8174
1 3561
9
3 1166
2 3561
9
1 7666
9
4 80
5 3
1 5485
9
6 5485
6 5485
3 4671
1 4594
6 4594
2 4594
4 5485
2 5485
1 6340
5 20
4 216
4 6340
6 6340
3 4073
9
2 6340
7 394
9
5 40
6 7666
3 1471
2 7666
3 3935
8
5 11
3 7947
5 2
4 8269
7 8269
4 125
7 80
1 7504
1 1894
8
5 6
4 1894
6 7504
8
9
8
5 25
7 1894
8
1 7097
3 9819
6 1894
7 1894
7 7097
5 38
7 1894
7 7097
3 9858
6 7097
6 7097
1 9531
5 15
2 7097
1 7246
6 65
4 7246
6 7246
2 7246
5 62
7 7504
9
7 7504
9
5 22
9
1 3171
1 6901
6 6901
9
2 3171
2 1894
9
7 6901
3 2766
3 3728
5 66
9
1 1576
6 6901
1 4848
4 4848
4 4848
2 1576
2 4848
2 6901
6 7504
4 7504
9
9
7 7504
1 3038
2 3038
6 7504
6 7504
4 7504
2 7504
7 394
3 4326
5 53
2 8269
9
2 8513
4 9075
9
4 9075
6 9075
1 9384
6 9075
8
6 9075
5 4
8
6 9075
8
8
5 8
4 9075
7 9075
6 9075
4 9075
3 5168
8
2 9075
8
6 9218
8
5 49
8
1 6810
9
5 20
6 6810
5 7
3 8636
1 3457
3 5848
5 28
8
3 2639
6 3457
1 6692
7 3457
3 2211
7 6692
8
7 3457
5 40
5 25
8
7 3457
1 8459
4 6692
8
7 3457
9
2 3457
2 6692
6 216
9
6 6810
9
3 7989
5 44
4 6810
4 6810
7 6810
3 5076
4 6810
4 394
6 6810
9
3 923
8
3 2899
2 6810
2 8459
6 9218
6 9218
4 9218
4 9218
7 9218
5 12
1 4316
2 216
4 4316
6 4316
9
4 9218
2 4316
5 12
5 62
5 47
2 9218
6 9315
5 20
4 444
6 9315
4 9315
7 9315
2 9315
3 9973
4 9384
1 5024
7 5024
7 5024
8
2 5024
8
4 9384
4 9384
5 24
9
1 446
1 5391
4 5391
6 5391
7 5391
5 20
2 5391
7 9384
2 9384
7 9428
4 9428
1 3024
5 58
9
2 9428
4 3024
5 42
1 5799
8
7 394
7 3024
9
8
7 5799
6 3024
7 3024
8
1 462
7 3024
3 2608
7 3024
9
6 3024
2 3024
8
3 1954
7 5799
6 5799
1 3023
7 394
7 3023
6 394
9
7 5799
2 3023
2 80
9
4 5799
2 5799
4 9443
2 9443
4 9450
2 9450
6 9474
1 9789
5 50
2 9474
6 394
8
5 35
6 9485
6 394
1 2231
1 1504
6 2231
1 6248
3 1067
6 394
9
2 6248
4 9485
5 41
5 36
1 854
4 9485
2 9485
9
8
7 9503
8
2 9503
8
7 9505
8
5 56
9
7 1504
4 1504
2 9505
4 854
9
2 1504
8
1 1711
3 9837
3 4991
8
3 3237
7 9528
5 8
1 9687
9
5 2
7 9528
2 2231
6 9528
4 394
9
4 9528
6 9528
6 854
6 9528
9
5 23
3 9878
2 9528
3 8860
3 7694
2 9530
8
5 49
7 9531
8
7 9531
9
3 6642
4 9531
1 9983
5 29
7 9531
2 1711
3 3955
9
4 9531
6 394
1 8220
9
5 43
1 5954
8
8
3 2994
4 5954
3 2684
5 43
5 40
3 3739
1 9618
2 5954
3 8299
5 34
3 6648
7 854
8
9
1 7126
2 394
9
9
6 7126
6 7126
3 7463
5 29
6 65
1 6249
6 6249
3 4205
8
9
8
1 1984
4 1984
9
4 6249
1 2102
9
8
4 6249
3 118
7 2102
5 17
4 1984
5 33
3 4998
5 59
7 6249
5 50
3 3725
9
4 6249
9
7 6249
1 2357
9
3 212
2 1984
7 6249
1 5390
5 49
6 2102
2 854
5 8
9
1 2239
8
2 5390
4 6249
1 6396
4 2102
2 6249
5 26
2 2102
1 9688
7 6396
2 2357
1 9004
4 6396
2 6396
3 6038
2 7126
5 7
4 8220
9
6 444
7 8220
3 157
7 8220
5 48
6 8220
9
7 8220
3 1376
5 21
1 8498
4 2239
7 8220
7 2239
2 2239
5 38
5 24
1 3541
2 3541
2 8220
8
3 4197
7 8498
9
6 8498
3 850
2 65
3 5523
3 5908
4 8498
1 7092
2 7092
7 8498
7 8498
7 8498
3 3340
2 8498
7 9004
3 5040
2 9004
8
9
4 9531
2 9531
2 9538
9
1 9591
4 9551
7 9551
4 9551
8
1 1823
8
2 1823
2 9551
7 9564
1 3351
6 9564
2 3351
5 1
2 9564
7 9591
6 9591
8
3 2626
2 9591
7 9617
3 3868
5 22
3 4646
6 9617
2 9617
4 9618
4 9618
2 444
3 4664
7 446
9
8
4 9618
3 5792
1 7734
1 9664
7 7734
7 7734
9
4 102
5 5
6 7734
2 7734
8
3 6222
4 125
5 22
2 9618
5 37
4 9618
2 9618
8
6 9629
2 9629
8
8
9
6 9633
6 9633
7 9633
3 2536
8
8
6 9633
2 9633
3 2405
6 9640
9
2 9640
5 44
9
7 9646
2 9646
8
7 9654
8
1 6725
3 8703
1 1297
1 8254
4 6725
5 12
8
9
9
4 6725
7 6725
5 45
6 1297
4 1297
9
3 2169
7 1297
8
2 1297
9
8
1 6702
7 6702
9
8
8
7 6702
7 446
4 6702
9
6 6702
9
1 2532
5 46
6 6702
9
1 9603
7 6702
2 6702
3 9017
2 6725
8
1 5339
9
6 5339
6 2532
6 2532
4 5339
2 5339
4 102
6 8254
3 4527
7 8254
3 4708
4 8254
7 8254
2 446
4 8254
6 8254
1 2000
4 2000
6 2000
5 23
8
5 35
5 34
2 2000
9
9
6 2532
9
2 8254
8
8
2 9603
4 2532
1 8095
9
6 8095
1 5770
7 5770
1 3361
6 2532
6 2532
5 28
1 5043
7 102
8
5 45
7 2532
7 3361
5 12
1 5740
1 6621
1 3958
7 450
2 3361
3 2103
8
5 26
8
8
8
7 2532
9
3 3186
2 2532
6 3958
2 5043
8
4 3958
2 5740
6 3958
1 4856
4 3958
3 8955
3 767
4 3958
5 15
8
4 3958
2 3958
7 4856
9
3 1961
1 6196
7 4856
2 4856
9
2 5770
9
4 6196
7 6196
6 6196
2 6196
8
1 4466
9
9
2 4466
5 9
1 4614
6 4614
2 4614
8
9
2 450
9
1 4313
7 6621
8
7 4313
7 6621
7 6621
1 1165
2 6621
4 1165
3 2991
7 4313
4 462
8
6 462
9
3 6856
4 4313
2 4313
4 8095
5 22
9
2 8095
1 931
7 931
2 9654
1 2408
1 2442
9
2 9660
3 1104
6 9664
3 7400
3 4338
3 3168
6 9664
9
8
3 7707
5 30
1 8443
6 8443
5 27
1 5044
4 2408
9
4 462
1 2163
4 2163
3 3084
5 45
5 35
6 2163
6 2163
5 47
8
6 5044
3 9367
6 2408
2 931
4 1165
2 5044
4 2163
1 3615
5 37
8
9
6 462
7 8443
5 16
1 9560
5 46
8
2 8443
4 2163
5 23
8
5 31
1 5784
2 1165
1 2131
2 5784
4 3615
8
5 34
5 38
5 30
2 9560
4 2131
4 9664
7 2131
9
9
7 2131
3 950
9
7 102
5 13
9
1 133
6 9664
7 9664
3 7654
1 2163
4 9664
5 38
1 8647
5 37
7 2163
5 12
9
4 3615
4 462
7 462
3 7631
3 2204
5 39
7 2408
9
7 2131
9
2 2408
6 2442
4 3615
7 3615
8
2 2131
4 3615
7 462
3 5654
3 4002
2 8647
4 2442
8
3 5490
1 7237
1 8235
9
7 7237
4 2163
4 7237
5 27
4 3615
6 3615
2 7237
7 2163
4 2163
5 6
8
3 1693
5 44
6 3615
9
7 3615
9
5 43
2 462
6 2163
8
8
6 8235
6 2163
7 465
6 2163
1 7929
2 2163
6 7929
9
1 5700
4 5700
1 4310
9
3 5508
7 4310
8
6 4310
1 6994
5 25
5 46
9
7 4310
8
4 4310
1 349
8
4 3615
2 349
6 4310
4 2163
5 6
1 7167
1 1635
8
7 2163
1 4464
6 2163
9
1 915
9
6 3615
8
8
8
6 465
6 5700
3 9068
1 6458
2 465
3 8833
3 3505
4 3615
4 3615
7 915
9
8
1 1314
9
9
1 3674
4 915
8
1 3632
2 2442
5 11
7 5700
2 3615
2 2163
7 1314
9
9
3 6470
4 3632
9
6 3632
1 9508
2 1314
2 3632
4 3674
6 3674
9
5 28
6 3674
9
4 3674
9
1 5427
9
4 3674
8
5 52
8
7 3674
9
3 3539
6 1635
5 47
2 4310
8
1 272
7 5427
5 30
3 7639
6 4464
2 4464
4 272
1 5081
8
7 5081
9
8
6 5081
5 25
8
7 3674
1 719
6 3674
2 3674
8
4 5081
7 5081
7 102
2 5081
1 2645
6 5427
4 5427
7 1635
1 9030
4 5427
8
6 1635
1 1132
4 5427
8
7 2645
2 2645
5 20
2 5427
7 1132
8
5 17
7 1132
1 4624
6 4624
9
2 719
2 4624
4 5700
5 44
2 5700
8
5 11
2 1635
4 6458
3 6497
9
8
1 2303
2 6458
3 2997
1 7350
7 6994
9
6 2303
9
4 1132
6 6994
6 6994
2 6994
7 915
1 2220
2 7167
7 7350
5 33
6 7350
8
3 1062
3 5997
7 7350
3 4952
2 7350
6 915
9
3 4350
8
9
9
8
2 2220
9
4 915
3 4179
9
6 1132
6 2303
9
1 9445
1 2399
5 41
5 45
4 2303
2 7929
4 8235
7 8235
2 915
2 8235
7 1132
1 3406
5 32
9
8
3 1013
9
9
5 11
8
2 1132
5 41
6 2303
6 9030
9
5 29
8
1 1266
8
2 9030
1 1488
2 9445
9
2 9508
3 1852
7 1266
2 272
4 2303
8
3 8570
8
8
2 3406
3 8425
3 5663
7 1266
3 2019
1 1422
9
2 1266
2 2303
7 9664
4 9664
4 9664
7 9664
4 1422
8
8
8
4 9664
9
6 1422
6 9664
8
1 3200
1 4010
1 7920
1 397
2 1422
1 4667
4 3200
7 1488
5 44
4 2399
7 7920
6 4667
1 2419
5 36
4 4667
7 397
6 2399
3 3823
8
3 4217
1 2639
1 4038
5 18
6 2639
4 2399
2 4667
7 2399
9
3 6400
3 862
3 2384
8
2 1488
3 7286
7 2639
6 7920
1 2345
7 3200
9
6 2345
4 7920
7 4010
6 4010
2 2345
4 2399
3 601
7 102
4 2399
3 7424
6 2399
6 3200
8
5 39
2 7920
5 42
6 2399
7 9664
7 2399
6 9664
6 4010
1 7032
8
2 7032
9
7 2399
9
2 9664
3 9201
8
4 2399
9
4 9687
6 4010
1 8400
4 2399
2 4010
5 8
1 9247
5 36
8
2 397
2 2399
4 8400
8
7 3200
7 2419
1 9513
6 102
6 102
8
1 683
9
5 13
5 5
5 3
9
4 8400
6 8400
2 2419
2 2639
4 102
4 3200
9
9
8
2 3200
7 8400
5 26
9
5 42
3 1528
4 4038
7 8400
4 683
5 13
4 4038
8
3 2667
2 4038
3 9930
5 17
6 8400
4 8400
7 8400
9
4 8400
2 8400
9
5 29
4 9247
7 9247
3 5044
4 9247
4 9247
7 9247
4 9247
4 9247
3 2569
2 9247
3 3321
2 9513
5 37
1 7456
3 2025
6 683
6 7456
5 20
7 7456
9
9
1 9484
7 683
6 7456
3 5114
6 7456
3 7752
6 7456
7 7456
2 683
2 7456
9
8
4 9484
3 4616
9
3 1741
3 9504
8
6 9484
8
7 9484
8
3 1252
3 25
9
9
9
2 9484
8
1 2418
2 9687
3 4451
5 24
5 9
1 8729
7 2418
2 2418
6 8729
1 5406
3 43
8
5 13
7 5406
8
6 5406
1 4326
5 8
2 4326
4 5406
2 5406
5 16
9
6 8729
3 2860
8
2 8729
1 5215
9
7 5215
3 7478
6 5215
7 5215
8
2 5215
5 14
4 9688
8
9
4 9688
4 9688
7 9688
5 20
2 9688
9
7 9688
7 9688
3 3347
7 9688
6 9688
3 6080
8
7 9688
7 9688
3 6801
6 9688
2 9688
8
1 9286
8
4 9286
7 9286
7 9286
9
8
5 1
3 2035
9
5 21
9
1 4720
6 4720
2 4720
6 9286
6 9286
6 9286
3 4405
9
8
8
3 7949
9
6 9286
2 9286
1 8139
3 5089
1 5174
3 6476
3 4432
6 5174
4 5174
1 7772
2 5174
3 5493
2 7772
1 6930
5 2
3 6313
7 6930
3 8581
8
8
1 6377
8
5 32
3 6760
3 3778
4 6377
3 7914
6 6377
2 6377
9
3 5438
1 7730
3 39
3 6479
3 87
2 6930
1 6751
7 6751
2 6751
8
2 7730
9
9
9
1 4087
9
2 4087
2 8139
8
7 9694
3 3106
1 8104
7 8104
6 8104
9
8
8
4 8104
7 8104
3 7149
3 5502
8
2 125
8
4 8104
1 4638
5 26
4 4638
5 11
2 4638
3 4788
8
5 9
9
2 8104
7 9694
7 9694
3 2488
8
2 9694
8
5 1
7 9696
3 8834
7 9696
4 9696
2 9696
9
3 3540
6 9706
1 1575
6 9706
3 5295
8
5 4
3 1750
3 340
3 4515
5 10
7 9706
6 9706
5 23
7 9706
3 318
3 188
9
7 1575
2 1575
2 9706
4 9713
6 9713
5 26
5 6
6 9713
6 9713
5 3
2 9713
4 9727
9
6 9727
4 9727
7 9727
6 9727
4 9727
2 9727
5 16
8
1 7002
4 7002
6 7002
5 16
9
9
5 12
5 7
9
9
9
4 7002
7 7002
6 7002
4 7002
9
7 7002
8
8
2 7002
4 9740
9
2 9740
5 16
6 9749
6 9749
8
2 9749
9
3 8872
9
7 9756
1 6819
1 5655
1 2427
6 5655
5 14
9
6 5655
9
7 2427
2 2427
2 5655
3 5155
4 6819
8
8
3 7555
5 17
2 6819
7 9756
2 9756
6 9759
9
2 9759
7 9781
3 2439
1 3315
2 3315
5 22
9
8
5 14
9
8
8
9
6 9781
2 9781
6 9789
2 9789
1 9634
8
2 9634
1 3224
7 9801
4 3224
4 9801
7 3224
9
6 3224
2 3224
2 9801
7 9812
7 9812
7 9812
6 9812
8
9
4 9812
8
3 6297
1 7530
9
7 7530
8
1 6411
6 6411
6 6411
2 6411
4 7530
5 8
8
9
7 7530
2 7530
3 3665
3 3675
9
3 2794
1 5902
7 5902
3 2128
5 17
5 21
7 5902
2 5902
1 7550
4 7550
6 7550
9
7 7550
9
3 8439
6 7550
5 5
2 7550
6 9812
3 5012
9
5 21
9
1 3785
2 3785
6 9812
3 6967
8
6 9812
8
6 9812
9
8
6 9812
1 4894
4 4894
9
6 4894
3 3296
6 4894
1 5585
2 4894
5 13
1 5584
6 5584
4 5584
9
4 5584
3 2442
9
8
3 4637
1 2921
2 5584
5 5
9
8
9
6 5585
8
4 2921
1 7749
9
5 20
1 8426
5 23
7 5585
9
7 2921
1 3668
4 5585
1 394
3 5097
7 2921
6 2921
2 2921
5 25
5 3
2 3668
9
8
6 5585
3 572
6 5585
3 3272
4 394
6 5585
1 3650
2 5585
1 5421
7 3650
3 9701
2 5421
8
6 3650
1 8091
8
8
1 6045
1 8165
4 102
9
6 3650
6 3650
9
9
5 19
8
4 6045
9
5 29
2 6045
4 3650
6 3650
9
5 6
5 4
7 7749
1 6367
9
2 6367
2 3650
6 394
2 7749
8
5 15
6 8091
7 8091
4 8091
7 8091
9
4 8091
6 8091
1 1925
7 8091
2 1925
8
8
1 8613
6 8091
7 8091
2 133
4 394
5 25
8
8
5 26
8
4 8091
3 2268
3 2701
6 394
2 8091
6 8165
8
6 8165
4 8165
9
4 394
4 8165
8
3 4803
5 6
9
6 8165
3 6827
9
5 17
3 8237
6 8165
1 9982
5 23
3 8796
8
4 8165
2 8165
3 5472
7 8426
4 8426
6 8426
4 8426
2 8426
4 8613
8
5 15
4 8613
1 2355
4 2355
5 13
9
5 22
2 8613
3 3929
1 7837
4 7837
3 7587
7 7837
6 394
2 2355
4 7837
8
8
1 7698
8
1 451
4 7698
8
3 3322
8
3 7380
6 7698
3 3396
2 7698
6 7837
3 943
9
3 6223
8
6 7837
4 7837
1 4403
7 4403
9
8
3 2790
2 4403
9
8
1 7988
4 7837
5 11
8
8
6 7837
8
2 102
8
3 7690
5 9
3 1489
3 3440
7 7837
6 7837
4 7837
1 4805
7 4805
7 4805
6 4805
7 4805
6 4805
4 4805
8
5 5
2 4805
3 215
5 24
5 19
3 3471
4 7837
9
1 3248
9
9
8
9
3 9356
9
8
9
5 11
3 257
7 7837
8
1 2269
3 1939
3 1748
7 451
8
5 17
9
7 2269
4 2269
6 7837
8
6 7837
9
1 9574
1 3512
8
1 2932
8
6 2932
7 7837
8
7 2932
2 2932
4 2269
2 7837
2 3248
7 7988
7 3512
6 2269
4 3512
3 7087
1 7036
3 4882
6 7036
8
1 2113
2 394
3 8519
8
2 7036
4 3512
9
2 2113
3 4764
7 3512
1 7254
8
2 2269
4 3512
2 451
9
9
7 3512
3 2766
4 7254
7 3512
8
7 3512
9
2 3512
2 7254
5 2
8
8
6 7988
1 9229
1 2982
3 8660
2 7988
9
2 2982
6 9229
7 9229
9
2 9229
4 9574
3 9927
4 9574
2 9574
1 8378
1 4106
9
7 4106
2 4106
8
7 8378
7 8378
6 8378
8
9
2 8378
6 9812
9
9
5 11
8
2 9812
3 115
1 8203
5 15
1 1078
6 8203
3 188
2 8203
8
4 9822
2 9822
8
5 2
2 9822
1 8354
5 20
3 4531
1 7316
2 7316
2 8354
1 6852
6 6852
5 7
9
9
9
1 1228
9
8
1 1048
8
9
6 1228
4 6852
5 7
9
9
7 6852
5 15
4 6852
2 6852
8
7 9845
2 9845
3 29
2 1048
1 6481
8
2 1078
1 30
4 6481
4 1228
2 1228
1 9017
2 6481
1 5802
2 5802
1 4297
5 13
4 4297
6 4297
7 4297
7 4297
9
5 3
2 4297
1 783
9
3 9268
1 9095
2 9017
5 10
4 9095
9
4 9095
4 9095
7 9095
1 932
4 9095
7 9095
7 9095
6 9095
3 4521
6 9095
1 5620
4 5620
6 5620
5 20
1 3647
8
7 3647
7 5620
5 8
1 2428
8
3 5054
3 3459
1 7139
9
1 2164
9
2 5620
4 7139
7 2164
4 2164
6 7139
6 7139
5 11
7 3647
2 3647
7 7139
8
2 7139
3 15
9
4 9095
8
8
8
5 11
6 2164
4 9095
6 783
2 9095
3 3752
9
8
9
8
4 9851
1 2763
6 9851
5 12
3 4365
5 18
3 9218
2 9851
3 8932
6 2164
9
8
7 9862
7 9862
9
5 14
5 11
7 9862
6 2164
5 7
6 2428
3 5519
7 9862
4 2164
8
8
1 5906
9
1 3250
8
7 2428
2 2164
9
6 5906
7 2428
3 288
9
7 3250
3 7503
5 16
7 783
9
8
3 8086
5 15
6 5906
1 2022
2 5906
7 9862
9
1 6519
3 7772
8
6 783
6 2022
3 6762
5 20
5 20
6 2428
7 6519
9
2 6519
8
2 9862
8
4 9864
9
9
8
3 7619
7 783
5 1
8
3 7981
4 783
4 2022
6 9864
6 3250
5 3
1 2416
5 9
5 15
7 2763
1 8730
8
1 9019
8
1 6251
8
9
2 2022
9
2 6251
3 9099
3 7492
9
8
5 5
3 2087
7 8730
7 932
5 15
4 8730
1 6238
5 14
1 9143
5 11
1 5043
4 2416
9
4 5043
3 6449
7 5043
7 5043
8
2 2416
9
1 6577
8
2 2763
2 2428
4 5043
3 4724
7 783
1 8068
3 5400
8
7 3250
4 3250
8
3 2279
2 783
6 3250
9
9
4 5043
7 5043
1 3469
4 3250
5 6
7 932
7 30
4 3250
1 4067
8
1 8637
6 3250
8
4 932
7 3250
1 7875
3 2073
9
8
7 932
4 3250
7 3250
5 9
8
1 8407
2 3250
5 3
1 2714
5 3
2 5043
6 2714
2 6238
2 932
4 3469
2 4067
1 8943
2 2714
3 7663
8
5 15
9
8
1 4281
6 4281
7 3469
7 3469
6 3469
5 12
8
3 9623
4 6577
8
8
1 4846
5 17
2 3469
6 4281
1 6887
3 25
7 4281
3 1972
1 1053
1 2441
7 1053
2 1053
2 2441
2 4281
8
4 4846
9
7 4846
3 4142
9
8
5 9
6 4846
4 4846
7 6577
3 8039
2 4846
8
6 6577
4 6577
5 16
3 8535
5 21
