1000
1 485
1 155
1 254
1 583
1 716
1 571
1 878
1 721
1 858
1 699
1 512
1 48
1 395
1 468
1 63
1 229
1 342
1 966
1 179
1 325
9
2 179
1 765
9
5 4
6 155
8
9
8
5 20
6 155
7 468
4 342
3 792
9
9
1 558
7 155
7 395
1 859
5 1
3 161
5 22
8
6 325
1 461
7 155
7 155
9
8
6 155
9
3 21
5 14
1 695
7 461
9
1 23
1 917
2 229
9
9
3 784
9
7 395
9
2 395
1 338
7 155
1 235
4 155
3 647
1 536
9
3 635
2 461
3 80
7 235
7 468
7 235
6 235
6 325
2 48
7 468
2 512
3 275
2 155
5 19
5 23
2 235
6 325
4 254
2 468
7 485
9
1 740
9
2 254
6 338
8
3 333
5 4
7 63
2 325
3 874
4 485
3 107
8
2 63
1 733
2 23
1 5
9
6 485
2 338
1 850
9
4 342
7 485
1 535
1 214
3 795
4 485
7 342
9
4 214
8
9
2 485
4 342
2 535
2 536
1 691
9
5 3
9
9
4 558
2 558
1 325
1 956
4 214
8
3 41
3 797
3 824
2 214
3 395
9
1 552
5 3
8
1 106
6 106
7 106
9
2 552
8
1 65
9
5 18
3 772
3 190
6 571
1 293
6 571
7 65
1 498
9
3 830
1 492
9
7 106
8
7 293
2 492
8
7 293
7 293
9
3 965
3 154
9
1 566
4 293
1 723
4 498
5 21
1 388
8
3 502
8
1 391
2 293
2 5
5 15
7 65
2 498
7 388
4 325
5 8
1 296
6 566
2 65
3 119
9
1 601
9
4 296
5 24
8
1 791
1 103
6 566
5 15
2 566
2 342
1 143
6 296
1 895
9
2 388
6 296
1 577
1 994
4 296
2 103
8
4 391
3 72
3 375
9
1 148
6 296
5 13
6 391
7 571
1 74
5 30
3 151
3 769
7 391
8
6 296
6 391
8
7 571
8
3 554
1 50
8
1 927
4 391
6 296
8
9
8
7 325
8
4 296
4 50
6 571
9
1 551
2 391
3 472
2 296
5 31
4 551
2 325
7 551
4 551
9
4 74
4 551
3 827
4 551
9
8
4 50
7 551
4 106
7 551
6 551
3 170
9
1 553
2 74
9
1 11
6 551
4 551
8
8
6 106
1 498
7 143
2 106
6 498
5 7
3 982
1 709
6 498
2 498
4 143
6 551
9
8
2 551
8
8
6 553
1 980
2 553
4 571
3 706
2 571
4 577
2 11
3 977
4 577
3 16
2 577
8
1 921
2 583
9
8
5 4
9
1 891
8
3 955
1 828
9
3 625
5 24
7 601
4 143
2 601
4 691
9
9
1 946
5 6
3 260
2 143
7 50
2 691
5 9
6 695
9
7 50
7 695
9
2 695
4 699
8
3 349
5 26
1 444
4 444
5 2
6 699
1 459
4 444
7 50
8
5 9
8
9
2 699
7 444
4 148
8
6 709
3 496
5 12
1 172
7 709
7 444
9
3 156
1 257
5 24
9
4 444
6 709
2 444
2 257
5 26
8
1 976
3 292
8
3 466
4 148
7 148
8
6 148
2 459
7 172
2 709
9
9
7 50
4 716
5 5
1 695
7 148
4 695
5 1
4 695
8
3 334
6 695
1 174
5 4
6 695
6 50
1 181
1 239
6 695
3 45
2 695
2 239
2 148
7 716
2 716
7 721
2 50
6 172
9
1 46
6 721
1 804
7 721
5 20
4 46
3 257
6 46
5 18
8
5 10
6 721
8
9
4 721
5 20
7 721
7 721
4 172
7 721
6 721
7 46
9
2 721
1 102
3 369
8
5 23
6 723
1 879
2 723
3 304
9
6 181
5 4
4 46
8
2 46
1 668
8
2 102
9
7 668
1 990
2 668
1 331
5 5
1 514
7 172
6 514
4 172
4 331
2 172
4 514
6 331
5 25
8
6 174
1 602
2 174
6 331
6 514
2 331
8
7 514
3 365
5 5
8
2 514
4 602
4 602
5 10
6 181
8
4 181
5 9
5 9
2 602
9
5 6
3 344
1 378
3 407
6 181
4 378
9
8
7 181
4 378
9
3 907
2 181
9
2 378
6 733
1 203
3 873
6 203
7 733
6 203
7 203
5 9
2 733
6 203
4 203
2 740
9
1 666
3 249
2 666
5 19
1 172
7 203
2 765
9
6 791
6 791
3 861
5 18
4 791
3 51
1 125
6 791
5 16
5 11
1 933
5 11
1 782
3 278
4 203
3 798
3 541
5 20
4 125
3 180
9
1 128
1 978
2 125
2 782
5 9
9
5 9
6 791
8
8
4 128
4 128
6 128
7 172
4 791
8
6 128
7 791
2 791
9
1 703
1 69
5 19
5 12
2 703
1 381
6 804
1 571
4 571
4 381
1 521
5 11
1 704
3 371
9
4 521
6 69
3 504
2 381
5 13
9
3 207
8
8
8
1 366
4 521
7 366
2 366
1 30
4 521
8
1 484
2 484
2 30
1 7
9
7 521
3 9
3 599
6 521
6 521
8
7 203
7 521
5 28
5 27
3 686
3 728
1 84
9
8
4 521
9
1 26
2 521
5 4
5 12
9
2 571
5 3
2 128
9
2 172
4 704
8
8
4 704
5 10
8
5 20
9
9
2 704
9
3 231
1 541
9
7 69
7 541
1 361
1 566
6 361
1 85
3 544
5 2
4 361
6 69
1 362
7 203
5 19
1 900
4 361
2 203
6 85
7 361
8
2 541
1 432
5 3
7 432
7 69
6 566
4 432
9
5 15
1 910
9
8
6 361
1 130
6 84
6 69
9
9
2 566
9
3 58
5 11
7 361
5 2
4 7
7 84
7 804
7 432
3 167
3 184
4 804
8
3 132
8
3 229
5 12
9
9
4 84
3 786
5 28
8
1 932
8
6 361
8
5 9
3 433
4 361
7 804
7 361
1 248
4 361
1 825
6 361
6 26
2 432
7 84
2 361
3 181
7 804
2 248
1 868
9
5 9
8
4 130
6 804
6 804
2 804
4 362
4 362
1 487
3 124
8
1 466
6 7
4 69
7 825
1 707
3 599
3 484
4 362
4 362
8
7 130
8
1 682
7 362
7 466
2 682
1 73
6 362
1 771
3 882
6 466
5 9
2 362
2 466
5 11
6 487
8
9
4 69
5 26
9
8
6 487
4 487
4 26
5 17
9
4 487
4 487
7 487
9
4 487
6 487
4 487
6 487
9
8
8
3 332
9
9
8
5 21
5 18
1 647
4 487
6 487
7 487
2 69
4 487
1 486
2 486
7 487
4 73
2 487
5 25
3 432
2 647
6 84
8
6 707
6 26
5 20
4 707
3 594
2 707
1 120
3 613
8
3 245
4 771
6 771
2 771
4 73
1 418
7 120
6 418
1 251
9
6 251
9
8
7 251
3 159
1 242
9
7 418
9
8
9
1 424
8
1 736
5 19
3 107
3 953
2 73
4 418
7 418
1 513
1 672
9
5 29
7 513
1 652
8
3 277
2 418
7 130
6 242
9
1 405
4 405
1 151
4 120
8
8
7 405
3 508
5 20
1 246
1 28
4 242
3 600
2 242
2 405
1 166
2 513
6 424
2 652
2 120
3 494
3 364
6 424
9
9
6 672
1 521
5 5
9
5 38
5 24
5 21
1 356
6 424
2 246
3 334
3 394
7 251
9
4 424
9
6 356
3 355
4 26
4 251
5 4
4 521
8
9
4 84
6 26
9
3 118
2 26
3 201
3 699
9
9
4 424
1 641
9
6 356
3 683
1 389
5 19
9
6 251
9
5 16
2 521
6 130
2 130
8
6 84
6 356
6 151
3 238
2 28
3 375
1 376
9
8
7 356
8
4 424
1 889
9
1 175
7 84
9
6 251
3 187
7 641
5 15
4 641
2 356
5 30
8
3 178
4 376
1 747
3 670
6 84
7 84
5 30
5 4
7 376
1 721
2 376
8
5 20
2 84
5 12
3 471
5 21
3 601
2 641
6 151
