10000
1 1338
1 7165
1 9530
1 1221
1 301
1 8569
1 7133
1 2851
1 3842
1 8351
1 2567
1 794
1 9536
1 9751
1 1172
1 2952
1 6583
1 4347
1 6204
1 8500
4 794
4 4347
8
9
7 4347
2 301
1 2621
7 2851
4 4347
2 3842
1 8948
3 5036
3 9480
6 1172
9
9
9
2 2567
1 2234
8
9
3 8091
4 794
8
7 2952
9
5 20
8
1 2120
9
4 2234
6 6204
2 4347
4 6204
9
2 2234
1 3876
6 3876
7 2120
5 1
8
5 10
3 4052
3 4357
2 6204
1 2950
5 7
8
7 6583
5 15
8
2 794
1 678
6 2120
9
6 6583
3 9183
9
8
7 678
3 5711
3 7106
6 2120
4 2621
2 6583
1 5643
2 678
1 6362
9
1 3562
3 4048
3 975
2 2621
8
6 5643
2 5643
1 375
2 6362
1 2935
1 285
4 2851
7 7133
4 7133
9
5 10
4 3562
1 4075
4 2935
7 1172
4 3562
2 1338
6 2851
9
7 2120
4 2851
3 8815
2 3562
3 5905
3 2520
1 467
5 10
4 285
6 3876
1 3173
9
9
9
2 2851
6 1172
4 2935
6 7133
2 1172
4 3876
2 2935
1 3991
9
2 1221
1 1451
2 1451
1 4195
9
3 236
3 3408
7 2120
3 6862
3 509
7 467
1 8124
4 7133
4 2120
3 9515
8
9
5 12
8
7 2950
1 5878
8
8
4 2120
6 3876
1 8627
5 18
7 2120
8
8
2 3876
8
4 2120
9
9
8
5 1
6 3991
9
7 375
3 3235
9
9
5 11
8
9
5 15
8
9
2 2950
6 2120
2 2952
6 2120
6 5878
1 6176
5 13
7 5878
5 7
3 2148
4 285
8
9
4 375
6 3173
5 10
1 2998
1 6
2 2120
8
7 3991
3 855
9
7 4075
1 7439
8
2 2998
9
8
9
2 3173
1 5947
1 2544
3 1522
3 9361
8
5 4
7 2544
1 2467
6 3991
5 7
3 3995
4 375
2 3991
8
9
7 2467
4 2467
3 9164
8
3 6770
2 4075
7 2467
9
6 4195
2 2467
4 2544
5 2
9
3 7795
2 5878
1 5636
1 5227
5 17
8
2 2544
1 2863
8
2 4195
6 5227
5 19
4 2863
4 5227
6 2863
9
4 5227
3 5847
6 5227
2 2863
7 5227
2 5227
1 5241
9
9
4 5241
1 7910
9
8
1 4491
9
8
4 4491
2 4491
6 5241
4 5241
7 5241
2 285
6 5241
2 5241
1 6054
3 3415
7 5636
5 19
6 5636
1 1210
2 5636
9
5 3
3 6197
9
8
3 8909
3 3083
6 5947
7 5947
6 1210
7 375
9
1 1917
6 5947
9
6 5947
1 8911
6 1917
1 8668
5 2
7 5947
2 1917
7 5947
4 5947
7 5947
3 7854
3 9307
9
1 5903
7 5903
3 9351
9
5 2
8
9
1 8422
1 5343
3 9509
9
2 1210
7 5343
5 22
1 8827
7 5343
8
3 3804
4 5343
9
9
8
7 5343
3 858
5 11
3 8474
1 9442
8
3 5182
4 5343
7 375
4 5343
5 16
5 17
4 5343
7 5343
6 5343
9
5 24
9
6 5343
3 237
8
1 3024
1 2959
4 2959
2 5343
1 7796
7 2959
4 5903
6 2959
7 5903
7 2959
3 784
1 8358
9
8
8
9
8
8
4 2959
1 2448
3 2932
2 5903
3 9157
9
9
1 7039
3 1825
8
7 467
1 63
9
8
2 2448
2 467
6 2959
7 2959
1 4668
7 4668
5 20
6 2959
3 3694
5 13
9
3 5734
4 2959
3 3761
2 2959
9
7 4668
4 3024
8
4 3024
6 3024
4 5947
3 900
2 3024
9
8
7 4668
7 4668
5 15
5 13
5 17
3 5849
4 4668
5 10
8
4 4668
1 7058
3 2973
9
4 4668
5 7
6 5947
6 4668
2 4668
3 6383
2 5947
2 6054
8
7 6176
6 6176
3 7164
5 19
9
4 375
4 6176
5 13
9
6 375
2 6176
1 1854
9
8
8
1 411
6 63
8
9
7 7039
9
3 1099
7 7039
7 7039
3 9266
2 7039
2 7058
7 1854
4 1854
9
8
9
9
2 7133
1 2918
5 11
2 2918
2 7165
2 375
4 7439
2 1854
2 7439
8
6 7796
7 7796
4 7796
7 7796
3 7046
4 7796
3 4692
6 7796
8
1 2153
7 2153
5 7
4 2153
8
9
5 18
9
4 7796
8
4 7796
1 2741
3 3576
7 2153
2 7796
2 7910
3 4378
6 8124
5 3
8
6 2153
4 2741
6 8124
1 3439
1 3391
3 8994
9
5 13
9
8
8
3 9260
6 2153
6 8124
5 16
5 7
5 18
2 2153
4 3391
9
9
4 2741
4 3391
9
7 2741
2 2741
9
5 2
7 3391
9
5 11
3 2650
7 411
4 3391
3 3795
6 3391
9
1 5807
2 411
6 3391
8
9
1 3822
3 4481
4 3391
7 3391
1 481
7 5807
2 5807
1 5035
3 7692
7 3391
5 6
5 3
9
4 5035
6 3391
5 16
2 5035
7 3391
7 3391
4 3391
1 3631
8
4 8124
3 3628
2 3822
7 8124
4 8124
2 3631
2 8124
1 282
8
7 3391
2 3391
1 1431
1 3961
5 2
3 2055
6 8351
9
5 6
7 3961
5 4
8
9
8
7 1431
8
4 1431
2 3439
8
2 8351
1 9822
6 3961
8
7 3961
1 8268
1 5839
1 6894
3 6335
8
5 17
5 15
2 481
5 9
5 17
2 5839
5 19
7 1431
7 3961
6 3961
3 8782
5 2
8
3 767
5 16
7 1431
2 6894
8
8
2 3961
1 973
7 973
8
3 1254
8
1 3076
4 3076
7 3076
3 5182
7 8268
8
4 282
6 973
1 5278
7 973
1 866
1 7778
6 866
8
9
4 3076
5 17
3 8629
3 7476
9
1 165
8
6 5278
7 165
9
9
6 3076
8
8
6 5278
1 6327
2 5278
7 1431
1 1115
3 9652
6 1431
4 1431
9
1 2147
9
3 86
7 1431
7 3076
8
4 282
6 3076
2 866
9
6 6327
2 3076
9
2 2147
1 9141
7 6327
5 2
3 6283
8
7 6327
7 6327
7 6327
6 973
9
2 6327
3 7607
5 10
9
8
3 1282
4 7778
4 7778
2 7778
5 15
3 4699
7 8268
4 8268
9
3 2285
4 8268
2 973
9
4 8268
6 8268
2 165
2 1115
3 8851
3 8442
6 8268
3 2913
5 4
1 719
9
8
1 856
2 282
7 8268
5 8
1 6069
5 22
4 6069
8
6 1431
3 5767
3 6606
6 6069
2 6069
9
6 8268
2 8268
8
8
7 8358
3 8469
9
3 2390
4 1431
4 8358
7 8358
8
6 8358
1 7999
5 16
1 765
7 719
3 6843
8
3 6990
7 719
1 5154
4 5154
4 5154
1 9075
6 5154
4 5154
5 5
1 1517
4 5154
2 5154
8
9
5 2
7 719
3 7072
5 5
6 7999
1 6922
7 6922
3 1360
9
7 6922
9
6 6922
1 1530
6 6922
8
8
5 22
8
5 2
7 6922
8
5 11
6 6922
9
5 20
7 6922
7 6922
5 14
4 1517
3 47
6 1431
2 6922
2 719
1 379
9
2 1431
7 765
2 7999
1 9827
1 4369
1 5175
8
6 1517
1 9663
9
7 4369
9
4 4369
9
4 4369
1 5190
4 5175
7 1517
2 379
8
4 4369
9
5 17
7 1517
6 765
3 9819
3 1495
8
6 4369
9
6 4369
8
8
6 4369
4 63
9
2 5175
4 4369
8
4 4369
3 2371
6 5190
3 5212
9
6 5190
6 4369
4 4369
6 4369
4 5190
9
9
3 1370
9
5 1
3 7729
5 2
8
7 4369
8
4 765
6 4369
5 19
8
5 23
6 5190
2 765
3 751
3 9823
8
1 9038
7 1517
6 1517
2 4369
3 9475
4 5190
4 5190
1 4060
5 13
8
5 4
5 3
8
2 5190
6 4060
2 4060
9
5 6
7 8358
7 8358
5 8
3 928
5 18
1 6458
6 1517
9
3 1884
6 856
9
9
4 856
6 1517
3 3879
2 6458
7 8358
3 7481
6 856
6 8358
3 1208
4 8358
4 1517
9
4 8358
2 1517
6 1530
7 8358
8
9
5 14
1 9862
9
5 12
5 11
9
4 8358
6 1530
5 4
4 8358
7 8358
9
2 8358
4 856
9
1 9958
1 9518
8
5 12
8
1 9037
7 8422
8
1 6247
6 6247
2 6247
5 21
8
9
5 17
9
8
9
1 2194
6 1530
8
5 14
2 8422
8
2 8500
4 8569
6 856
7 8569
5 17
6 8569
5 14
4 2194
4 8569
4 2194
8
1 3871
5 15
8
7 8569
8
9
7 2194
1 4372
7 63
5 7
3 7338
1 4918
7 3871
4 3871
8
5 16
5 26
5 16
2 3871
6 4372
3 4655
2 1530
7 4372
6 4372
2 4372
1 68
3 611
2 2194
8
1 5274
3 1322
4 856
3 6771
1 2939
7 856
8
2 2939
3 7023
4 4918
3 6601
6 4918
4 4918
8
3 2924
9
6 856
6 4918
8
4 856
9
1 8815
4 4918
7 4918
7 4918
2 4918
6 5274
7 856
4 5274
9
7 5274
9
6 5274
3 451
2 5274
5 10
2 8569
6 8627
6 856
8
4 8627
9
9
8
1 2948
7 856
6 2948
4 2948
9
3 2098
5 3
2 8627
1 5977
2 2948
7 5977
7 856
9
6 5977
1 321
3 7452
8
3 6152
8
5 9
8
5 20
1 897
7 5977
5 12
2 321
3 9820
1 1681
2 5977
8
2 8668
8
1 2446
6 8815
6 1681
2 856
6 8815
7 8815
3 5448
6 8815
8
1 8712
2 1681
7 897
7 8712
4 2446
3 70
8
1 4382
8
2 897
1 204
2 4382
2 2446
1 3577
8
4 3577
1 2831
1 9087
1 9695
9
4 2831
2 3577
2 8712
1 6265
5 7
8
5 5
6 6265
3 2658
5 15
3 3747
2 2831
3 2600
3 5192
9
6 6265
2 6265
8
3 236
7 8815
8
2 8815
6 8827
6 8827
4 8827
5 12
2 8827
1 5190
7 5190
3 2739
8
6 5190
5 23
5 16
9
7 5190
1 7771
9
9
9
2 5190
6 7771
1 9183
1 4016
6 4016
3 4518
7 4016
7 4016
9
2 4016
4 7771
6 7771
8
4 7771
5 9
8
8
3 3931
6 7771
3 9277
7 7771
1 4127
3 2371
1 6861
7 6861
5 4
3 3132
6 4127
2 4127
6 6861
8
1 16
1 5366
6 5366
6 5366
5 6
5 3
4 5366
3 203
5 19
7 5366
3 7604
9
9
9
6 5366
4 5366
2 5366
2 6861
1 8966
4 7771
4 7771
3 5971
5 14
5 18
1 2793
2 2793
7 7771
6 7771
4 7771
5 23
4 7771
5 4
5 21
9
4 7771
5 1
9
4 7771
5 12
8
4 7771
1 8160
6 7771
1 2254
2 7771
5 21
1 9577
5 14
8
4 8160
4 2254
7 2254
4 8160
1 2912
2 2912
1 4787
8
2 2254
4 4787
8
5 17
2 4787
6 8160
5 25
8
5 22
7 8160
7 8160
2 8160
1 8500
7 8500
4 8500
9
6 8500
9
3 955
6 8500
3 1973
4 8500
9
2 8500
3 5798
1 369
3 2805
5 23
7 8911
2 8911
3 4324
4 63
3 3125
1 7549
4 7549
3 4013
6 7549
2 7549
7 8948
2 8948
2 8966
1 480
3 5794
7 480
3 3181
7 9037
6 9037
3 9575
8
4 9037
5 17
4 9037
5 4
7 9037
9
8
7 9037
4 9037
4 9037
7 9037
2 9037
1 2194
8
9
7 9038
8
4 9038
5 7
8
2 9038
1 1325
9
1 7347
8
1 8814
8
8
8
7 7347
1 932
2 2194
2 7347
2 8814
3 1417
8
8
8
5 19
5 8
2 9075
5 15
7 932
2 9087
4 9141
9
8
1 3082
5 18
3 5881
6 9141
8
4 1325
6 9141
7 9141
9
7 9141
7 3082
3 2150
7 9141
7 9141
4 932
9
5 15
2 9141
2 1325
8
7 9183
2 3082
8
3 9827
6 9183
9
2 9183
3 7031
3 6240
7 9442
1 1641
9
5 4
7 9442
6 1641
3 7846
3 8654
4 9442
3 8342
9
9
3 4494
6 9442
2 480
5 19
8
7 932
5 3
2 9442
1 403
7 932
7 9518
5 1
7 9518
2 9518
1 763
5 4
9
5 19
5 4
5 5
2 763
1 926
5 16
1 5634
2 5634
3 3459
4 1641
9
7 9530
6 9530
8
5 14
9
9
4 9530
6 1641
6 9530
9
3 8850
1 556
2 9530
9
6 9536
1 3106
4 3106
9
3 8978
5 12
9
2 1641
8
1 6555
8
4 6555
2 3106
2 6555
1 7173
5 10
8
2 7173
1 6726
1 7110
9
9
6 6726
9
7 6726
7 6726
1 3027
5 2
3 6081
7 6726
4 3027
7 6726
2 3027
7 6726
7 6726
5 8
3 9318
5 21
6 6726
6 6726
1 8730
6 6726
6 204
8
9
2 6726
4 7110
5 12
6 63
2 556
9
2 7110
1 4814
5 7
9
1 1448
8
7 4814
6 204
8
2 369
5 3
9
4 4814
1 9691
1 263
7 4814
5 7
7 4814
6 4814
2 403
2 4814
4 8730
5 16
1 88
7 8730
8
5 15
1 7646
1 5563
6 926
3 8873
2 5563
9
4 7646
4 926
2 7646
9
4 263
4 8730
4 8730
4 1448
1 6997
8
9
5 17
2 926
1 6197
8
9
8
7 1448
2 6197
5 3
6 6997
4 1448
1 4013
3 4001
6 1448
6 4013
5 7
6 4013
1 3482
6 3482
8
7 6997
7 4013
4 6997
2 932
3 1724
7 6997
2 3482
7 1448
6 6997
7 6997
5 11
8
7 263
9
6 1448
7 6997
3 7234
7 4013
1 6964
1 8769
4 6964
2 4013
2 6964
3 623
1 5046
1 1362
2 5046
1 7857
1 7237
7 1362
8
7 6997
1 1151
8
6 6997
2 6997
8
5 8
2 7237
8
9
3 3727
7 7857
3 4363
8
7 1151
2 263
5 16
7 7857
3 4835
3 7771
8
2 88
7 7857
5 20
5 6
6 1151
1 53
5 1
3 1832
5 13
8
4 7857
5 13
7 1362
3 2951
2 1151
3 5563
2 7857
6 8730
6 8730
1 7439
3 2795
8
6 7439
1 6861
8
2 1362
9
7 6861
3 6516
7 1448
1 2965
6 2965
3 4193
1 8174
8
7 6861
5 21
9
8
1 8058
2 6861
9
8
7 2965
5 5
5 21
8
1 3282
2 1448
8
4 2965
7 2965
2 7439
7 8058
5 6
2 8058
7 8174
2 8174
2 2965
1 3559
4 3282
8
7 8730
6 8730
6 3282
4 3282
1 1224
7 3282
2 8730
9
2 3282
1 837
3 9759
9
6 3559
9
2 8769
1 7942
9
5 7
7 7942
7 7942
6 3559
8
5 17
2 3559
1 9390
3 4658
5 4
9
2 7942
1 7318
1 4358
9
7 4358
9
7 53
7 7318
6 837
8
6 4358
2 53
8
1 1674
9
7 204
5 14
8
7 837
4 4358
6 4358
4 4358
5 11
1 5069
8
5 8
3 5689
1 7062
2 837
3 8984
1 8115
2 4358
3 2241
8
2 1674
6 5069
3 8007
8
7 1224
9
7 204
7 5069
7 1224
6 1224
7 5069
3 3597
6 5069
8
7 5069
9
1 9950
6 5069
3 8672
7 5069
1 4209
4 4209
5 23
4 1224
3 2057
5 12
9
8
9
8
2 204
6 4209
4 5069
7 5069
8
3 6163
8
8
2 1224
6 4209
1 249
7 4209
3 6875
1 3228
9
6 4209
8
9
4 5069
7 3228
8
4 4209
6 3228
5 13
6 4209
5 18
9
1 9369
6 4209
7 3228
9
2 3228
4 249
3 2751
6 4209
1 5870
7 5069
7 4209
4 4209
4 5069
4 4209
2 16
3 8976
4 4209
9
7 4209
7 4209
5 23
8
4 4209
3 5341
1 181
3 9698
9
8
1 7788
4 4209
7 5069
4 4209
5 24
1 4111
5 25
3 6140
6 4111
9
5 13
1 5704
6 4111
3 9424
8
4 4111
9
4 181
2 4111
5 17
4 4209
1 9601
7 4209
1 4211
2 4209
7 4211
1 3453
6 249
7 3453
4 5069
5 17
9
2 3453
2 4211
7 5069
3 9753
7 5069
8
7 5069
4 5069
5 17
7 5069
5 5
6 5069
5 14
3 3259
3 9783
2 181
4 5069
4 5069
5 2
3 2936
3 9845
2 5069
8
4 5704
2 5704
4 5870
6 5870
3 4337
2 5870
7 7062
7 7062
4 7062
5 8
6 7062
7 7062
8
2 7062
2 7318
5 14
4 7788
3 1037
6 7788
3 2122
5 8
7 7788
3 8840
5 18
4 63
2 7788
1 8197
9
8
5 15
4 8115
2 8115
1 4950
5 13
5 11
3 4645
7 4950
6 4950
7 4950
8
8
9
4 4950
4 4950
4 4950
2 4950
1 5119
9
5 10
7 5119
3 6309
5 20
2 5119
1 2672
3 3118
4 2672
5 14
1 7772
2 7772
1 6220
1 3308
2 2672
6 3308
9
2 3308
2 6220
1 424
6 249
4 8197
2 8197
1 5091
8
3 5259
8
2 5091
1 2683
7 9369
7 9369
4 2683
6 9369
6 2683
2 9369
1 7656
3 762
3 2390
2 7656
1 7217
7 2683
1 9704
6 2683
4 63
2 7217
9
4 2683
3 6445
1 6195
1 6532
6 6195
2 6195
1 6802
7 6532
3 5085
6 249
7 2683
6 6532
8
4 2683
9
2 2683
9
6 249
8
3 6730
9
6 6532
1 3102
5 11
5 18
4 3102
6 3102
6 3102
5 21
3 5508
6 3102
5 12
9
6 6532
8
4 6532
7 3102
6 6532
9
8
3 9446
3 7906
3 3501
1 6541
6 3102
5 8
2 3102
6 6532
8
3 8656
3 7224
8
7 6532
1 7835
9
6 6532
1 6919
4 6532
8
5 19
1 9735
8
5 14
2 6532
3 8674
9
7 6541
5 5
2 6541
1 2000
6 6802
5 4
5 9
1 2144
1 508
9
4 6802
2 6802
2 2000
4 6919
5 21
2 6919
6 7835
8
9
9
4 7835
6 424
3 2575
2 7835
4 2144
1 5242
8
9
4 5242
4 2144
7 5242
8
8
5 13
6 5242
2 5242
6 9390
1 32
9
7 2144
4 2144
2 508
9
6 2144
1 9243
7 9243
4 9243
7 249
4 2144
9
1 9154
1 3689
3 9119
2 2144
6 3689
6 424
1 2380
4 2380
4 2380
5 13
1 2015
9
9
9
3 8291
9
9
8
6 2015
4 2015
6 9154
8
3 5898
6 3689
1 9031
8
2 2015
9
7 2380
1 7061
3 4774
3 6164
3 3555
6 2380
8
6 3689
9
2 7061
3 20
2 2380
1 2467
7 9031
5 9
9
4 9031
6 2467
2 2467
2 9031
8
1 1924
8
9
7 1924
4 9154
8
2 1924
8
9
6 249
4 9154
2 3689
2 9154
9
5 19
7 9243
5 21
5 21
3 3005
8
8
3 2510
3 1900
2 9243
4 9390
6 9390
7 249
4 9390
4 9390
7 9390
7 9390
1 9636
9
9
7 249
5 11
6 9390
5 15
8
3 5943
6 9390
4 9390
8
1 6592
2 6592
3 4152
7 9390
1 10000
7 9390
2 9390
7 9536
8
4 9536
4 9536
5 17
7 9536
7 9536
5 1
3 8635
2 9536
6 9577
7 9577
3 1746
5 12
3 8529
8
3 7069
8
4 9577
6 9577
3 148
2 9577
6 9601
1 4419
4 4419
8
7 4419
9
1 5882
3 4110
6 4419
9
1 3444
5 21
1 683
7 683
1 8813
9
8
8
6 3444
1 7146
4 424
5 5
1 2661
6 2661
3 5724
5 9
8
3 1744
2 3444
5 13
7 4419
2 5882
3 3395
5 15
5 15
8
2 4419
8
6 424
2 2661
3 2694
2 7146
9
1 3768
8
9
2 8813
7 9601
1 3523
3 3029
8
3 9177
5 16
9
5 11
5 23
7 3523
8
2 3523
2 3768
8
4 9601
9
8
5 18
1 9110
9
3 1105
9
3 962
3 5569
3 6446
5 5
7 683
6 9110
5 14
3 708
8
4 9110
7 9110
2 9110
2 424
5 10
2 9601
1 8609
3 588
2 8609
1 1309
2 9636
1 6915
1 4256
4 4256
2 1309
8
3 6298
2 6915
1 9787
1 535
7 4256
6 4256
9
9
9
2 4256
5 10
5 14
6 535
2 9663
1 7632
3 2007
9
6 7632
7 7632
4 7632
2 7632
1 9938
1 8543
3 3251
6 249
7 8543
5 6
6 8543
7 8543
6 8543
6 8543
1 247
1 2649
1 317
6 2649
8
1 9499
8
4 8543
2 8543
3 2582
1 7562
1 3125
5 8
7 7562
8
6 7562
8
2 2649
5 2
5 19
3 5242
9
5 2
9
5 18
9
1 2552
1 2925
3 1355
7 2552
9
6 2552
1 7694
5 19
4 2552
3 4127
8
9
2 2552
2 2925
4 3125
5 5
5 4
9
1 7605
4 7562
3 1652
2 3125
9
8
3 8467
2 7562
2 7605
8
1 7641
9
5 14
3 5227
4 7641
3 8892
4 7641
6 7641
2 7641
9
5 2
1 9236
4 317
8
7 7694
6 7694
8
6 7694
6 7694
2 7694
5 4
1 5155
2 5155
9
2 9236
4 9499
8
6 9499
5 17
2 9499
7 9691
2 9691
8
7 9695
2 63
9
7 9695
2 9695
1 1155
7 9704
5 6
5 4
9
4 9704
4 9704
5 15
8
3 3850
6 9704
6 9704
2 9704
1 2733
7 9735
9
9
8
9
5 14
7 2733
5 5
3 7322
8
7 1155
1 1853
7 2733
9
3 2640
6 1853
6 2733
1 5792
6 5792
3 242
8
7 1853
1 7146
6 1155
5 3
5 23
5 10
2 2733
5 16
6 5792
9
5 1
3 4048
5 3
5 4
9
2 5792
6 1853
5 7
9
9
5 5
1 9268
5 19
3 3281
6 7146
4 1155
7 7146
2 247
1 4320
1 6011
9
4 4320
4 4320
6 1853
8
8
8
5 22
7 1853
5 3
6 4320
5 11
2 535
9
1 6570
7 4320
9
7 4320
8
4 68
1 655
4 4320
4 6011
6 6011
9
6 1155
8
1 2984
3 7537
8
6 2984
2 4320
1 768
5 17
4 6011
8
5 11
4 1853
6 6011
2 6011
2 655
6 1853
9
9
1 6478
8
5 6
6 768
4 6478
2 2984
9
3 2915
2 6478
3 3922
3 859
7 6570
6 6570
9
9
7 1853
9
2 6570
1 9002
2 7146
5 21
7 9002
8
5 14
6 9002
1 2247
2 683
9
7 9002
4 32
9
2 1853
5 8
5 7
3 545
6 9002
4 9002
6 9002
8
5 11
4 9002
3 4543
2 9002
1 1931
1 4013
1 3830
4 9268
2 3830
3 7490
8
5 11
8
4 1155
5 16
6 1155
1 8724
8
8
7 4013
4 768
4 4013
2 1155
5 4
1 2737
5 19
8
3 959
4 4013
3 3511
6 8724
3 7041
2 1931
4 4013
7 8724
5 4
6 2737
1 2355
1 1000
3 8086
1 8656
9
1 6716
7 4013
3 9846
1 4155
3 2757
5 5
4 4013
2 4013
1 1136
4 2737
6 1000
9
8
4 4155
5 9
3 7251
4 4155
2 768
5 7
8
2 4155
9
8
3 3740
2 2247
1 847
5 5
4 2355
3 2997
5 1
4 6716
3 3528
8
2 249
9
9
1 5794
7 1000
4 2355
3 9444
5 12
8
1 3415
1 2673
4 1000
3 7278
2 2355
3 2620
6 5794
1 8457
2 2673
1 8223
4 5794
2 2737
9
1 3032
6 3032
1 838
8
3 1524
4 3032
3 5247
9
8
2 3032
6 3415
3 9986
3 2478
1 1197
3 6718
5 21
5 22
8
5 11
9
7 317
2 5794
2 6716
3 9164
9
5 18
7 3415
9
2 3415
2 8223
1 3186
1 8763
2 8457
9
5 3
2 8656
9
9
7 8724
9
1 4378
6 3186
4 8724
4 4378
8
5 14
5 8
5 3
1 2160
7 317
4 2160
3 4961
2 8724
2 1000
2 838
9
3 8093
6 8763
8
4 4378
1 7768
6 4378
6 7768
6 847
1 6500
3 9527
3 2570
3 4327
7 3186
3 8263
5 13
9
3 2433
6 6500
3 1392
9
6 2160
3 7442
9
3 3135
7 3186
6 4378
9
7 4378
5 1
2 317
2 4378
8
5 19
6 2160
9
5 12
9
9
4 6500
1 1870
4 3186
1 5421
5 14
5 2
2 1136
8
5 23
2 5421
3 166
5 17
6 6500
5 22
5 12
2 6500
2 7768
2 847
1 7406
5 16
1 2312
2 7406
9
4 1870
4 1197
6 1197
7 1870
6 8763
4 3186
9
1 1097
9
3 7705
7 3186
9
5 10
8
1 315
9
1 2881
4 1870
6 1870
4 2881
1 6240
7 6240
6 1870
5 2
2 6240
6 1870
9
2 2881
3 8727
1 2693
3 9013
6 8763
4 1097
1 9218
8
8
1 819
6 3186
5 2
6 8763
6 1870
8
4 1870
2 3186
7 8763
3 1269
9
9
9
7 819
1 2059
9
1 7415
7 819
7 2312
8
6 819
8
8
8
7 2693
1 9903
4 819
6 819
4 7415
6 7415
4 7415
6 7415
7 7415
4 7415
9
7 1870
4 7415
6 819
5 5
9
2 7415
5 12
6 819
6 1870
8
2 8763
2 9218
7 9268
4 1870
9
8
6 2312
6 1870
1 4403
5 7
9
9
9
1 3915
7 4403
6 1870
5 22
3 6788
2 819
9
2 1870
4 4403
2 2059
7 2693
7 2693
4 3915
9
5 14
6 2160
8
7 3915
3 1383
2 2312
7 1097
7 3915
7 9268
7 2160
2 2693
2 3915
8
3 340
4 4403
1 5869
9
9
1 1201
5 3
5 16
1 4260
7 1097
4 1097
8
9
8
9
7 315
5 22
3 1759
3 6204
2 1097
2 4260
5 12
7 4403
6 4403
7 1197
6 2160
4 4403
9
7 4403
1 910
1 8192
4 4403
5 15
8
9
9
4 4403
1 4586
3 4383
7 1197
3 3573
1 204
2 4403
6 4586
2 2160
6 4586
5 13
3 7260
4 5869
6 4586
1 8106
3 6301
9
6 204
8
7 5869
2 4586
5 11
6 5869
3 1274
4 5869
2 1197
3 5794
3 7925
7 5869
2 910
2 32
4 5869
4 5869
2 5869
1 1107
5 2
4 8106
8
9
4 8106
4 315
2 8106
1 8017
7 8017
8
5 18
5 13
3 2678
6 8017
9
6 1107
3 2357
8
8
2 8017
1 698
4 8192
5 4
2 8192
1 5210
8
1 2013
3 8895
6 5210
2 1107
8
1 7330
9
9
3 1151
8
9
8
1 4387
2 4387
5 7
8
9
5 10
5 14
3 64
5 1
3 2067
1 944
2 5210
1 4143
4 4143
1 8254
4 2013
6 1201
3 4542
6 4143
8
8
3 546
3 1569
4 2013
2 4143
1 308
6 2013
5 15
5 16
6 7330
1 3178
7 3178
7 7330
6 698
2 7330
2 68
2 8254
2 3178
1 7082
1 158
9
6 944
8
9
4 158
9
7 7082
7 7082
4 7082
6 7082
4 158
7 7082
4 7082
8
9
3 8759
8
8
2 2013
7 7082
3 2124
7 7082
9
4 7082
8
9
4 7082
6 158
6 7082
4 7082
4 7082
3 5650
9
6 698
5 17
3 6631
2 7082
5 20
4 158
2 698
1 2467
6 9268
8
3 2761
9
5 10
3 8438
9
3 3035
8
8
7 1201
8
7 944
4 9268
4 9268
7 9268
6 9268
1 3867
7 9268
7 9268
3 154
3 8368
5 14
1 7045
1 1406
4 3867
6 7045
4 7045
4 2467
7 7045
3 1632
1 7591
5 2
3 4051
2 3867
4 7045
8
8
4 1406
4 944
6 158
6 7045
8
5 20
1 4629
8
5 24
8
1 2035
3 9823
4 944
1 9603
9
9
5 23
9
9
6 7045
3 6179
8
8
9
7 2035
5 5
3 4236
1 7406
1 9515
2 4629
3 7900
3 8143
5 16
3 1279
1 1962
7 7045
1 4997
8
4 4997
4 944
2 4997
1 9664
3 5514
9
5 1
3 3255
5 12
6 7045
1 6763
4 6763
3 5277
5 15
5 16
6 1962
1 1951
9
5 30
5 23
9
2 158
2 6763
1 3019
3 942
9
2 1201
6 7045
1 5427
4 944
5 27
9
8
8
2 3019
2 5427
4 7045
4 1406
7 2467
9
4 7045
1 7692
5 20
5 19
4 204
7 7045
3 1125
3 5971
8
5 29
8
9
5 13
9
8
8
5 4
7 7045
3 7250
6 204
5 12
7 1406
6 308
5 20
8
8
1 4841
8
9
1 7468
4 4841
6 1951
4 2467
2 4841
9
8
2 7045
3 3331
6 7406
5 13
4 7406
8
1 6334
8
4 6334
7 6334
7 6334
2 6334
3 5956
9
6 7406
9
4 7406
4 7406
2 7406
6 7468
9
7 1951
1 2509
8
6 7468
5 6
8
2 7468
7 7591
8
6 7591
7 7591
6 7591
1 772
1 5248
1 8463
7 5248
4 5248
7 5248
6 204
9
6 2467
7 1406
4 5248
7 5248
8
1 360
1 9509
8
1 4182
6 1406
1 7957
4 1951
8
8
3 4601
8
9
1 32
5 2
6 5248
3 13
7 2467
6 1951
6 308
2 204
2 1406
9
2 5248
1 5591
8
6 5591
9
3 7866
1 4106
5 12
1 6063
2 1951
9
5 27
7 4106
3 53
2 308
5 21
9
1 1819
7 1819
8
8
4 1819
8
6 4106
7 1962
5 3
7 1819
3 7419
4 4106
8
9
5 8
5 16
3 3847
2 5591
7 6063
9
1 7196
8
9
2 6063
9
3 1684
8
9
6 315
3 3420
3 2914
2 4106
6 772
1 8508
5 18
7 2467
2 772
3 7252
1 9317
6 1819
1 5635
6 4182
4 944
3 8755
4 5635
1 5555
7 1819
9
3 4983
4 4182
9
5 23
2 1819
8
6 5555
3 6945
3 5975
9
6 5555
9
6 5555
1 4103
2 1962
4 2467
5 20
8
2 5555
4 5635
8
5 28
2 5635
2 4103
5 21
8
9
3 7293
7 315
9
1 435
5 17
5 15
6 4182
9
4 4182
7 2035
7 2467
8
5 18
6 944
7 315
9
4 4182
1 8443
3 4453
5 22
1 8159
2 2035
1 4315
9
5 11
9
9
9
1 9432
4 4182
9
9
6 2467
7 7196
9
2 7196
4 7591
8
5 18
4 2467
7 435
5 23
7 4182
7 2467
1 8145
4 2467
7 7591
4 7591
7 4182
9
6 315
1 1992
5 7
8
7 4182
3 8890
8
5 3
5 32
8
9
4 4182
2 4182
8
4 944
8
4 1992
4 7591
9
2 1992
1 1751
8
4 315
1 4023
2 435
4 4315
8
5 9
8
5 8
4 1751
7 7591
5 15
2 7591
2 4023
2 4315
6 7692
5 21
8
8
3 606
8
6 2467
7 1751
6 7692
3 5735
2 1751
5 22
3 2167
6 7692
1 9938
2 7692
7 315
5 23
4 2467
8
8
8
8
3 8938
8
1 7513
9
8
6 7513
4 944
6 7513
8
1 39
3 7326
2 7513
5 2
4 360
9
7 2467
4 7957
8
8
6 7957
6 7957
3 8749
4 2467
2 2467
2 7957
6 8145
2 2509
8
4 8145
8
4 8145
6 8145
9
1 1970
7 1970
8
2 8145
6 8159
6 8159
5 13
1 2440
1 2936
2 1970
7 2936
3 4158
6 2440
3 9910
5 19
9
6 2440
7 8159
9
5 10
6 2936
5 5
8
4 8159
6 2440
7 2440
6 8159
8
9
8
7 2440
2 8159
9
4 2440
8
9
8
3 3087
5 9
9
2 8443
9
3 5588
1 2987
9
6 944
4 2936
4 2440
8
2 8463
9
8
6 944
5 4
4 8508
7 944
3 1027
6 2440
5 20
8
7 8508
5 9
2 2440
7 8508
8
9
1 2496
9
7 8508
9
1 1342
8
9
9
1 6409
8
8
3 4035
8
4 2987
7 944
9
9
7 2496
1 1880
8
8
1 6395
2 2496
6 6395
1 8727
3 2967
8
4 1880
6 944
5 29
2 39
7 6395
9
2 1880
4 6395
4 6395
3 6351
1 6747
5 22
3 3844
2 944
3 3315
2 6395
7 2936
6 1342
6 1342
1 2972
3 3807
3 8304
8
5 21
7 1342
8
2 2936
4 1342
5 18
7 2972
6 6409
4 1342
3 9674
5 16
4 2972
5 6
7 6409
6 1342
7 6409
9
7 2972
5 23
3 4979
8
5 1
6 6409
3 5380
9
8
1 5488
7 2972
7 2972
9
6 5488
3 7121
3 6080
8
4 2972
2 5488
7 6409
9
3 2227
1 5296
2 315
2 5296
6 2972
4 6409
3 5712
6 360
4 2972
5 28
4 2972
2 6409
6 6747
2 2972
9
9
9
5 27
8
5 7
3 5723
9
2 360
4 2987
1 3731
8
9
9
4 3731
5 26
5 24
1 7258
1 8358
4 2987
3 7069
6 1342
4 2987
1 7469
6 2987
3 1504
6 6747
1 6651
7 2987
9
3 4370
9
5 19
5 19
1 9136
2 2987
8
7 3731
6 1342
7 1342
5 12
3 7181
1 9746
4 6651
9
3 7116
4 1342
7 3731
8
1 709
2 1342
6 3731
5 12
2 6651
1 6277
4 6277
6 709
3 9628
5 13
6 6277
3 9173
4 3731
6 3731
8
2 3731
5 4
7 709
7 6277
1 4887
3 340
7 4887
2 4887
9
4 6277
9
5 8
6 6277
9
1 6547
3 5014
7 6277
3 9519
8
8
1 8134
2 6277
3 9960
2 6547
3 3210
2 6747
7 7258
5 29
1 2313
9
7 2313
3 6904
7 7258
1 7833
2 7258
7 7469
6 7469
4 7469
4 7469
4 7469
5 31
6 709
8
3 7958
9
3 1512
6 7469
9
9
9
3 565
7 709
3 8928
9
1 2317
1 5389
9
2 709
7 2313
3 3149
3 2963
6 5389
4 2313
4 2313
8
3 3960
6 2313
3 3655
3 1370
5 26
4 5389
5 11
9
2 2313
1 6814
3 1204
8
3 8398
9
8
8
9
1 939
7 5389
7 5389
7 2317
2 5389
3 8148
3 7399
6 2317
7 6814
7 2317
8
2 2317
1 4838
2 4838
4 6814
9
9
4 6814
3 8300
3 5333
9
1 7960
1 4185
3 5885
5 10
9
7 4185
6 4185
6 4185
5 31
7 4185
5 1
9
8
2 4185
2 6814
7 7469
6 7469
4 7469
9
7 7469
1 2133
3 4889
7 7469
3 8289
4 2133
1 8181
9
1 2506
7 7469
6 7469
4 7469
1 9067
7 7469
3 1519
8
4 2506
7 2133
1 2780
9
3 7678
7 2506
5 22
4 7469
6 939
3 4833
7 7469
6 7469
1 6295
6 6295
9
1 2541
7 6295
7 2506
6 6295
1 4119
8
7 4119
1 2412
5 4
8
4 4119
2 6295
3 7512
8
1 5511
4 2133
4 2133
3 1384
8
1 4325
4 2780
2 939
2 4119
3 196
3 4369
7 2412
7 2133
8
5 7
3 8202
2 5511
3 8186
6 2412
4 4325
6 2412
5 16
5 34
7 7469
4 4325
2 2780
1 900
3 9895
3 6879
2 4325
9
5 1
8
7 2133
8
2 7469
1 9682
5 16
2 2133
4 7833
9
3 9339
4 7833
2 2541
1 5567
4 5567
8
7 5567
4 900
7 900
8
9
5 29
3 1057
3 8404
2 5567
9
6 7833
3 645
5 21
3 8084
3 8854
8
7 2412
4 7833
3 5294
4 7833
1 7432
6 900
2 900
6 2412
5 17
8
3 9829
3 7223
9
5 13
4 2412
6 7432
3 1466
7 2412
3 7559
2 7432
7 7833
6 2412
4 2412
5 29
4 7833
3 4174
2 2412
9
3 4925
1 2052
3 6969
7 7833
8
8
8
1 6356
8
6 6356
8
1 7860
7 2052
2 2052
3 5902
9
9
3 9697
2 6356
5 7
7 2506
9
8
4 7833
6 2506
2 2506
8
1 7300
3 9758
8
2 7300
1 7193
4 7193
8
5 24
5 23
5 7
5 7
2 7193
3 3739
4 7833
1 4781
7 4781
4 4781
9
9
4 4781
1 4643
7 4643
2 4643
2 4781
2 7833
4 7860
3 252
7 7860
5 16
9
3 2131
6 7860
7 7860
3 9016
7 7860
3 1063
7 7860
4 7860
4 7860
3 4726
5 27
2 7860
6 7960
5 22
1 992
4 7960
8
8
1 8284
3 2922
7 7960
6 7960
7 7960
9
7 7960
7 992
9
5 15
2 992
9
2 7960
7 8134
9
6 8134
7 8134
3 3098
2 8134
5 22
7 8181
6 8181
1 5156
9
7 5156
9
4 5156
8
4 5156
9
5 24
3 9074
1 905
9
8
4 5156
7 5156
1 8737
6 5156
3 6186
7 5156
8
4 32
6 5156
7 5156
7 5156
4 5156
3 6933
2 905
5 9
9
9
7 32
9
8
5 23
2 5156
9
5 16
2 8181
2 8284
4 8358
3 4886
2 8358
3 8010
5 17
9
4 8508
2 8508
1 1940
5 17
7 8727
5 5
2 8727
4 1940
2 8737
1 7835
4 7835
8
9
8
1 5753
3 262
3 8975
4 1940
1 2106
1 5009
4 1940
3 389
9
4 5009
9
3 3985
7 1940
2 5009
1 5367
5 19
9
8
3 3395
2 1940
3 4948
9
1 215
3 2611
2 5367
7 5753
2 2106
6 5753
6 5753
7 5753
9
7 5753
9
4 5753
8
6 5753
1 6307
5 16
1 515
7 5753
3 1569
9
5 2
7 5753
8
1 859
5 1
1 6064
2 5753
4 515
8
3 2604
9
1 75
2 6064
3 4520
7 6307
5 8
8
2 6307
5 11
5 9
6 7835
9
7 7835
5 21
7 7835
9
9
8
1 9940
1 2385
8
1 2717
5 30
2 2385
5 2
7 2717
2 7835
7 9067
2 2717
4 9067
5 7
2 9067
3 149
5 27
1 7764
2 515
6 7764
7 7764
2 7764
4 9136
9
3 4909
1 9291
1 3951
7 3951
3 5044
8
6 3951
9
7 3951
6 9136
5 4
9
3 8065
5 10
4 3951
9
8
1 5406
2 5406
2 3951
2 9136
8
3 341
2 9268
7 9291
1 7005
6 7005
3 7778
9
3 6076
8
8
7 7005
1 6508
6 6508
7 6508
9
6 6508
2 6508
8
9
5 14
2 859
6 7005
2 7005
1 5836
9
6 5836
1 9133
2 5836
1 3000
6 9133
2 9133
3 1311
5 12
7 9291
2 3000
3 8433
1 7606
6 7606
9
3 8621
7 7606
9
8
9
2 7606
4 9291
9
8
7 9291
8
8
4 9291
6 9291
6 9291
7 9291
4 9291
9
8
2 9291
4 9317
5 17
5 1
3 722
5 14
3 9627
7 9317
3 118
1 1892
6 9317
7 9317
7 1892
9
2 9317
9
5 12
9
2 1892
9
8
8
8
7 9432
2 9432
1 8635
3 8869
2 8635
8
2 9509
9
8
4 9515
6 9515
4 9515
3 4421
4 9515
7 9515
1 6686
1 1863
3 7882
8
6 1863
6 1863
7 1863
4 1863
9
8
6 1863
1 9300
3 2712
6 6686
6 6686
9
6 6686
7 215
7 6686
8
3 9382
5 17
8
9
7 6686
2 6686
7 9300
1 5140
6 5140
6 5140
8
1 7177
5 23
7 5140
7 1863
5 15
2 5140
7 1863
7 7177
6 1863
9
4 7177
9
9
7 7177
5 1
8
4 7177
4 7177
9
3 5223
9
4 7177
7 7177
9
6 7177
6 1863
6 7177
3 387
1 2516
2 7177
4 1863
5 14
1 670
1 7355
4 7355
6 7355
8
6 1863
8
7 7355
7 2516
2 1863
5 11
2 7355
5 13
8
4 9300
6 670
6 2516
7 9300
4 2516
4 2516
1 6252
4 2516
1 4970
4 4970
2 2516
2 215
2 4970
4 6252
3 2932
5 16
8
1 148
1 2813
1 2761
9
3 326
3 690
5 16
7 2761
5 24
7 6252
2 2761
2 2813
1 2778
3 1062
5 7
9
5 2
9
1 336
7 670
3 3153
6 2778
3 5502
1 1576
5 3
1 9492
5 6
9
1 1086
3 4993
2 2778
7 336
7 670
7 6252
8
8
4 1086
3 5539
7 1086
6 6252
1 958
4 958
2 958
9
3 9504
4 6252
7 6252
7 6252
4 6252
9
9
9
6 6252
9
7 6252
9
4 6252
1 8876
9
6 6252
2 6252
9
9
6 8876
5 13
3 7547
3 1292
7 8876
9
4 8876
6 8876
1 6192
5 15
4 148
5 18
2 670
8
7 6192
2 6192
3 6940
4 8876
7 1086
4 1086
7 1086
1 4133
5 24
4 4133
8
4 4133
2 1576
5 22
5 23
1 2383
9
6 4133
9
4 1086
4 8876
9
3 5637
3 7976
7 8876
3 5446
1 9692
2 2383
6 1086
4 1086
5 1
6 4133
4 4133
4 4133
2 1086
9
3 8429
4 4133
8
1 1836
3 5423
1 7694
6 4133
4 4133
7 7694
1 6186
2 4133
2 6186
4 7694
1 5374
8
2 1836
3 1177
9
3 5358
5 10
7 5374
9
7 5374
7 5374
8
7 5374
4 5374
6 5374
5 12
4 5374
9
4 5374
1 2739
9
4 2739
6 5374
6 5374
3 2419
8
5 26
6 2739
5 15
8
7 2739
3 7043
7 5374
4 5374
5 18
8
9
1 2221
1 3311
4 2221
8
2 2739
5 19
8
8
7 5374
2 3311
5 19
1 7339
2 336
2 5374
4 7339
5 27
2 7339
6 2221
8
9
4 7694
8
9
1 3236
7 2221
3 5774
2 7694
9
5 23
1 7170
1 3075
3 4071
3 7306
9
9
2 2221
2 3075
1 8722
2 7170
8
1 9886
1 8644
2 8644
5 2
9
6 3236
1 1439
1 7412
7 3236
8
4 3236
5 5
4 7412
2 7412
8
8
7 3236
1 9029
8
9
1 8568
1 9984
8
7 3236
5 26
3 7416
1 44
1 2932
3 1688
9
8
5 11
4 8568
6 8568
1 4497
2 2932
4 1439
7 8568
2 1439
9
4 3236
2 8568
9
1 1885
6 3236
2 1885
7 3236
3 658
8
9
3 4875
2 4497
5 11
8
7 8722
7 8722
2 3236
9
3 4018
6 8722
3 1984
9
5 30
7 8722
6 8722
6 8722
4 8722
6 8722
8
6 8722
6 8722
8
4 8722
4 8722
9
5 29
7 8722
1 9965
8
1 6866
8
2 6866
2 8722
9
6 8876
5 4
7 8876
7 8876
4 8876
7 8876
7 8876
3 2870
6 8876
2 8876
4 9029
4 9029
7 9029
2 9029
7 9300
1 3367
1 1192
4 9300
1 2780
6 1192
4 9300
2 3367
4 9300
2 1192
3 4170
9
6 9300
3 6540
2 9300
8
6 9492
8
6 9492
4 2780
2 2780
8
7 9492
1 4569
8
6 4569
5 24
7 4569
5 3
1 2996
6 4569
8
7 2996
7 4569
3 1172
9
2 2996
7 4569
1 1120
4 4569
8
9
8
1 2326
7 2326
4 4569
2 2326
1 2365
8
1 8928
8
3 301
6 4569
4 2365
6 4569
3 3827
4 2365
2 2365
1 5312
5 1
4 4569
6 4569
4 4569
8
5 10
4 5312
7 5312
2 4569
5 16
8
3 7746
9
6 1120
3 4611
7 5312
6 5312
6 5312
7 5312
2 5312
5 16
5 21
4 8928
8
7 8928
9
7 8928
2 8928
3 9521
3 8022
4 9492
3 5040
4 9492
2 9492
4 9515
4 9515
4 1120
1 9828
5 25
5 20
6 9515
3 5581
5 13
3 3180
9
6 9515
4 9515
9
2 9515
4 9603
6 9603
3 5929
1 9887
5 6
9
1 2609
3 4501
4 2609
3 3709
1 5043
4 2609
7 5043
4 5043
2 5043
3 1125
8
7 9603
7 2609
9
4 2609
7 9603
4 9603
3 4910
1 5931
7 5931
5 24
6 5931
7 2609
8
7 2609
9
6 5931
9
8
7 5931
5 27
6 5931
5 1
7 5931
2 5931
2 9603
9
2 9664
2 9682
5 19
8
4 9692
5 1
8
7 2609
2 2609
9
9
9
1 5316
3 5225
6 5316
7 1120
2 5316
5 4
7 1120
5 12
9
1 5800
9
3 528
7 5800
8
3 5397
8
8
8
8
6 5800
3 8538
2 1120
5 16
1 4398
8
8
6 4398
4 4398
5 25
3 1407
7 148
4 4398
1 2230
5 18
8
2 4398
6 2230
5 4
5 6
1 6709
9
9
1 5823
9
5 9
5 29
8
4 2230
1 1485
7 1485
9
2 5800
4 148
2 1485
1 3340
9
1 8042
5 19
9
5 8
1 1033
3 5621
5 12
3 1158
4 3340
7 5823
9
4 3340
9
6 3340
5 4
2 3340
9
3 9514
1 3166
2 3166
4 5823
2 1033
9
9
4 2230
7 5823
3 6609
2 2230
2 5823
2 6709
5 13
6 8042
9
2 8042
5 15
7 9692
7 9692
5 18
9
4 9692
4 9692
4 9692
8
3 2677
1 2158
3 3904
1 4230
1 4049
6 4049
4 4049
5 3
6 2158
7 4049
8
5 2
8
2 2158
8
8
7 4049
1 4978
9
3 3551
6 4978
5 18
1 114
9
9
3 9115
5 24
1 7375
1 1656
3 9154
7 1656
2 4049
4 4230
3 9056
4 4978
8
6 4230
7 1656
4 1656
5 26
4 4978
5 26
7 1656
3 1051
8
8
5 30
2 4230
4 1656
4 4978
3 3139
8
4 4978
1 1311
8
1 4075
7 4978
8
7 4075
8
6 4075
2 4978
9
3 563
7 4075
7 4075
5 23
5 14
9
6 4075
6 4075
2 4075
9
7 7375
8
1 9509
6 7375
2 7375
7 9509
7 9509
1 140
6 1311
8
9
9
7 9509
8
6 1311
1 5934
4 1311
3 5294
1 1954
3 3388
1 8862
7 1656
5 27
5 6
1 8406
2 5934
1 1225
7 1311
3 5817
6 8406
7 8406
9
7 8406
4 8406
2 8406
3 2265
9
6 8862
4 1225
7 8862
6 8862
4 8862
8
1 2480
8
7 8862
7 1954
8
2 2480
1 6518
8
2 1225
7 6518
4 6518
6 6518
7 6518
3 1588
3 6530
2 6518
9
1 9709
7 1311
5 24
4 8862
7 8862
8
6 8862
2 8862
8
5 9
7 1954
9
8
6 9509
8
3 4013
1 9288
7 1954
2 1656
4 1311
2 9288
2 9509
5 26
5 9
5 30
3 9305
2 9692
5 22
8
7 9709
6 9709
9
1 6870
2 1954
2 6870
8
9
9
4 1311
4 9709
5 2
5 18
7 9709
1 8741
4 8741
8
2 8741
1 6737
9
4 75
7 1311
7 75
9
6 1311
3 4720
7 6737
2 6737
6 9709
8
6 9709
2 9709
6 9735
6 9735
6 1311
5 5
9
6 9735
2 9735
9
8
6 9746
2 9746
1 8132
1 3258
1 9226
5 17
5 21
1 739
8
9
8
5 21
9
1 309
5 18
5 24
4 114
1 9215
9
1 4090
4 8132
1 7784
6 1311
6 75
2 739
7 4090
4 3258
8
1 2089
3 8482
6 7784
2 2089
6 1311
1 5248
4 4090
2 5248
5 29
2 4090
3 1294
7 1311
2 1311
3 4939
6 3258
4 3258
4 3258
2 3258
8
4 7784
9
1 3787
8
8
2 3787
9
6 309
1 2495
5 28
6 2495
3 8839
3 5353
2 2495
8
7 75
2 7784
3 2
2 8132
5 8
8
5 22
5 16
1 9299
1 4294
4 4294
9
4 4294
7 4294
4 4294
9
7 4294
1 4357
9
4 4294
1 2412
7 2412
3 2858
3 7677
6 2412
1 4699
3 1457
2 2412
4 4294
1 4974
4 4294
5 4
6 4294
5 4
5 17
8
4 4294
1 8706
6 4294
4 4294
8
3 5151
2 4294
9
9
8
7 4357
8
6 4357
6 4699
4 4357
7 4974
4 309
8
7 4357
8
6 4357
2 4357
9
9
2 4699
5 3
7 4974
1 5364
8
9
9
3 895
9
7 4974
8
5 11
1 6379
9
9
7 4974
3 7749
6 4974
6 4974
5 2
6 4974
6 32
2 4974
9
3 5710
4 5364
2 5364
3 4907
7 6379
2 6379
5 11
8
9
1 7575
6 7575
6 7575
5 2
1 8155
3 7826
3 9580
5 18
4 7575
3 7840
9
8
3 4550
7 7575
6 7575
8
1 1313
6 7575
2 7575
5 26
7 8155
5 6
8
7 8155
5 11
1 323
5 26
1 3435
9
6 3435
8
5 15
4 309
2 1313
6 3435
7 8155
5 7
7 8155
7 3435
5 27
7 8155
6 8155
4 3435
6 8155
6 8155
6 8155
1 5442
8
6 3435
7 3435
6 3435
5 22
9
4 3435
9
2 3435
9
6 5442
7 5442
1 7384
4 5442
8
5 28
6 5442
1 3031
4 5442
3 165
8
7 3031
8
3 639
7 3031
7 3031
8
9
8
7 5442
6 5442
8
7 5442
9
5 34
3 8326
7 3031
8
9
4 5442
7 3031
2 5442
6 3031
1 2360
9
4 140
3 4965
3 9556
8
7 7384
8
9
8
4 6
1 9242
1 9175
1 2048
4 2048
4 3031
9
4 2048
4 3031
3 3431
2 7384
7 3031
1 1568
1 2607
7 8155
8
1 1074
8
7 2607
6 8155
6 309
5 19
1 6313
5 3
4 2607
2 6313
9
2 323
6 2360
4 2607
4 2607
8
6 1568
6 309
6 8155
2 3031
9
5 14
1 858
5 7
8
9
8
7 858
4 1074
8
2 2607
6 1568
1 9725
6 2360
4 8155
5 35
4 8155
6 1568
4 8155
5 1
2 8155
5 25
1 6379
3 3836
1 2913
7 6379
2 6379
4 8706
9
2 858
3 9138
9
8
6 2913
8
7 1074
9
1 2394
5 13
8
1 7641
2 2048
9
4 2913
8
7 1568
1 6511
6 2913
1 1909
7 1909
7 2913
4 309
9
8
4 6511
2 6511
4 7641
7 1074
4 7641
7 7641
1 6896
2 2913
4 6896
2 2360
2 6896
3 3104
8
6 1074
6 1909
2 7641
5 5
6 2394
6 8706
7 1568
9
7 1909
1 7939
2 7939
1 9533
7 8706
3 7038
5 12
7 1909
7 1568
5 31
6 8706
9
8
7 8706
1 972
3 3944
2 1909
2 1568
6 8706
5 16
9
3 2141
6 8706
6 8706
1 9541
3 570
8
4 972
9
3 6620
6 309
5 29
8
4 8706
7 8706
6 8706
2 2394
6 8706
8
2 8706
4 9175
6 9175
4 9175
8
7 972
9
6 972
8
4 9175
7 9175
4 972
1 694
5 25
7 9175
3 7789
8
1 9486
1 6706
2 6706
1 3783
8
1 2807
8
1 6508
1 7658
7 6508
7 1074
7 2807
4 2807
2 6508
4 2807
6 7658
2 2807
9
8
3 105
3 8208
5 3
4 3783
8
5 15
2 694
2 1074
6 3783
5 9
2 972
6 3783
9
6 7658
2 3783
4 7658
6 7658
5 26
3 616
5 6
4 7658
6 7658
6 7658
4 7658
4 309
3 5820
1 4823
1 8153
6 4823
2 4823
3 3633
4 7658
2 7658
6 8153
4 8153
4 8153
4 8153
9
3 9093
1 6677
9
1 4495
5 10
5 33
6 4495
9
2 4495
1 5911
1 1444
8
7 5911
7 5911
3 3399
1 7272
8
8
5 20
6 5911
4 5911
8
7 5911
5 36
1 2750
3 7491
2 2750
1 366
5 33
5 22
6 5911
8
8
3 8305
9
1 634
1 3887
2 3887
4 5911
3 228
1 4048
7 5911
2 4048
4 5911
2 5911
7 6677
3 1745
7 309
1 1385
2 6677
1 3960
4 7272
5 36
9
3 9034
3 9509
7 3960
5 41
6 3960
2 32
5 30
4 3960
4 7272
2 7272
9
2 8153
5 29
3 2639
9
3 6964
3 6716
6 3960
1 1281
6 3960
5 39
6 3960
5 7
8
5 23
2 9175
9
3 4398
6 3960
7 3960
4 9215
5 27
9
2 9215
4 3960
9
2 9226
6 3960
9
4 9242
2 1281
1 7834
4 3960
7 634
5 33
9
6 634
2 7834
6 3960
8
3 4999
2 3960
7 9242
4 9242
3 7253
7 9242
5 29
7 1385
8
6 9242
8
8
4 9242
8
9
6 309
9
7 1444
9
4 9242
8
4 9242
9
1 6911
2 6911
4 9242
2 9242
1 5358
7 5358
2 1444
3 4878
8
3 9909
5 7
1 4983
1 9844
2 1385
6 4983
3 4229
7 4983
5 19
4 4983
5 7
1 4625
6 4625
3 1750
8
1 6982
7 4625
4 4625
4 4625
8
1 6626
1 6427
4 4625
1 219
6 140
1 1964
5 17
9
6 4625
5 26
1 8438
1 1298
7 634
5 38
2 4625
8
4 219
8
2 4983
5 37
4 5358
7 5358
7 5358
3 6807
4 1964
8
5 2
2 5358
2 219
7 1964
6 6427
5 6
2 6427
4 1298
5 1
8
3 3061
1 1061
2 1964
9
4 6626
7 366
1 9473
9
7 6626
1 4101
9
7 4101
6 309
2 4101
4 1298
4 6626
2 6626
7 309
4 6982
9
1 270
9
4 6982
8
4 6982
9
6 6982
1 2892
7 366
5 15
1 2744
5 37
2 6982
6 2744
8
7 8438
6 2892
2 1061
5 2
2 2744
5 30
2 2892
4 8438
2 8438
5 26
1 5572
8
8
6 5572
4 1298
1 6838
3 1441
9
4 1298
8
3 1365
8
2 5572
9
2 6838
8
5 21
6 75
8
1 7867
6 7867
5 6
5 25
1 5800
6 5800
2 634
4 5800
9
8
8
6 5800
6 5800
3 7423
7 5800
2 5800
8
9
3 1528
6 7867
6 1298
7 7867
4 7867
3 3881
6 1298
6 7867
5 4
7 7867
3 9555
3 4924
3 7902
6 7867
7 7867
4 7867
9
9
9
6 7867
4 7867
8
4 1298
8
4 7867
5 22
4 270
1 54
8
3 1062
6 1298
2 7867
4 9299
2 9299
6 9473
7 9473
4 9473
9
2 9473
2 9486
3 9059
7 1298
1 312
1 7900
1 7248
6 7248
3 2114
7 7248
7 7248
6 7248
8
3 3936
2 7248
5 33
7 7900
5 9
2 1298
3 4288
3 1360
7 7900
7 7900
8
5 20
9
6 7900
3 9887
9
2 7900
8
4 9533
3 1177
5 11
5 4
9
7 9533
5 25
5 16
1 7320
3 1705
5 12
7 7320
3 4068
2 7320
6 9533
6 9533
3 1884
5 12
1 3988
9
8
9
7 9533
7 3988
4 9533
4 3988
1 9950
7 3988
2 3988
3 8466
1 8995
9
3 8130
8
8
7 8995
6 8995
6 8995
6 8995
7 8995
4 8995
8
9
5 15
5 2
8
3 4642
3 8998
1 1926
5 30
6 1926
4 8995
3 1708
3 7921
5 11
7 1926
9
5 16
6 8995
6 1926
5 22
7 8995
2 1926
1 7754
2 7754
8
5 27
8
6 8995
9
9
1 294
1 8349
1 9349
9
6 8349
6 8349
7 8349
3 5412
3 2221
4 8349
6 8349
3 2276
1 4384
9
5 19
6 4384
9
9
2 6
8
4 4384
7 4384
4 4384
9
1 3873
4 3873
9
1 5900
8
8
3 5869
8
6 3873
2 3873
8
5 30
5 16
7 4384
5 9
1 8830
1 5119
4 270
6 4384
7 5119
8
2 4384
9
1 8564
5 35
5 30
7 5119
7 5119
5 3
3 9548
3 6743
1 8214
3 2368
2 5119
8
3 890
4 5900
3 831
4 5900
1 2199
7 5900
9
2 5900
4 2199
5 25
7 8214
6 8214
9
3 7372
6 2199
9
4 8214
9
8
3 1543
6 2199
7 8214
1 5020
6 5020
7 75
4 5020
9
3 2774
9
3 2097
2 2199
7 5020
3 5109
4 5020
2 5020
7 8214
2 8214
5 22
8
9
3 7130
2 8349
3 5895
4 8564
6 8564
8
5 30
1 434
1 9248
7 8564
3 432
7 8564
9
7 8564
6 270
1 3514
7 8564
3 3527
5 12
9
1 6671
3 9213
9
3 738
7 3514
2 3514
2 6671
1 9242
2 8564
2 8830
3 8438
3 8199
6 8995
2 8995
1 326
5 37
8
4 9242
2 9242
3 2186
2 9248
4 114
8
4 9349
2 9349
6 9533
1 4766
5 36
1 4004
4 4004
2 4004
4 4766
4 270
4 4766
1 4667
3 323
5 36
5 23
4 9533
8
8
2 4667
5 23
8
5 24
6 4766
9
9
5 5
5 35
8
7 4766
2 4766
6 9533
5 3
2 9533
4 9541
3 8917
1 10
9
9
9
7 9541
6 9541
8
5 26
4 9541
3 9929
3 7085
5 33
1 8644
3 7930
8
8
7 8644
6 270
1 6324
6 6324
8
8
5 27
5 32
7 6324
9
8
3 7240
7 6324
8
2 6324
7 434
2 8644
1 7570
9
6 7570
9
8
5 17
8
8
7 7570
2 7570
8
4 9541
3 1403
6 9541
8
9
8
6 9541
8
5 25
3 6901
6 9541
7 9541
3 7249
9
5 3
6 9541
4 9541
8
1 8782
8
6 8782
8
5 27
8
8
5 5
3 992
5 32
3 821
1 4612
2 4612
1 3224
2 3224
8
9
3 5743
6 8782
9
2 8782
1 9165
7 9165
7 9165
9
9
2 9165
3 9834
6 9541
5 1
9
6 9541
8
8
3 8542
5 23
9
1 5065
8
5 12
5 30
8
7 5065
7 5065
4 5065
4 5065
2 5065
8
2 9541
4 9725
6 9725
2 9725
5 17
4 9751
4 9751
5 7
3 9408
9
3 3410
2 9751
3 3251
8
6 9787
6 9787
5 8
7 9787
9
4 9787
6 9787
1 8096
6 8096
8
5 3
9
6 8096
9
9
6 8096
6 8096
7 8096
2 8096
6 9787
6 9787
2 9787
8
8
5 26
6 9822
7 9822
5 26
2 9822
7 9827
2 9827
1 1083
2 9828
1 7249
7 270
6 7249
6 7249
4 7249
5 14
8
5 21
4 7249
2 7249
2 9844
9
9
5 12
1 5075
9
6 5075
2 5075
7 9862
6 9862
1 1709
9
7 9862
5 29
9
1 3889
6 3889
2 1083
6 1709
6 3889
5 4
9
6 3889
9
9
2 1709
6 3889
7 9862
1 9733
7 3889
7 3889
5 23
4 3889
4 3889
5 4
3 2425
6 3889
9
5 17
5 22
9
3 2916
8
3 6644
6 3889
2 9733
5 10
3 406
3 3958
5 14
7 3889
9
4 3889
7 3889
9
5 14
9
1 2007
4 2007
9
5 5
2 2007
5 7
1 8064
7 8064
6 3889
5 5
5 28
7 3889
4 3889
9
3 1232
1 1451
6 8064
8
7 3889
2 1451
5 19
4 3889
2 8064
6 9862
1 4758
7 4758
9
9
9
9
6 3889
3 9810
4 270
9
3 5146
8
5 10
9
5 15
9
1 5008
1 4334
5 12
1 9212
7 3889
6 3889
4 3889
6 3889
1 5311
2 4758
1 966
4 3889
2 4334
8
8
6 5008
2 3889
9
4 5008
2 5008
1 4660
9
6 4660
8
1 6961
4 4660
9
8
4 270
9
9
1 2570
7 2570
2 434
3 8085
5 6
9
1 6130
8
4 2570
3 8530
3 7896
3 3056
7 966
3 235
7 2570
6 2570
2 4660
6 5311
5 13
4 2570
2 5311
8
7 6130
8
4 2570
5 26
8
1 9027
7 6130
3 2742
8
4 6130
8
8
7 2570
5 32
8
2 2570
2 6130
7 6961
7 6961
8
3 5656
6 6961
4 6961
2 54
9
7 6961
1 6209
9
3 6932
2 6209
2 6961
6 9027
7 366
7 9027
9
8
6 9027
6 9027
6 9027
5 26
8
6 9027
7 9027
1 8958
9
2 8958
8
4 309
4 9027
4 9027
6 9027
7 966
4 9027
4 9027
2 966
4 9027
7 9027
9
4 9027
9
1 5673
2 75
9
8
1 4421
7 4421
6 4421
6 4421
8
8
1 9942
1 3262
4 3262
7 3262
4 4421
3 1144
6 114
3 1001
1 7239
1 6838
6 5673
6 5673
6 270
8
4 3262
9
5 9
5 4
1 661
1 6934
2 4421
3 3990
2 3262
6 5673
1 2513
5 5
5 25
4 5673
2 5673
9
3 6517
3 8254
8
8
6 2513
9
3 7414
1 4607
6 4607
5 23
4 6838
8
9
7 4607
7 4607
5 1
2 2513
8
1 338
7 114
1 3305
3 1422
3 1637
9
8
6 3305
6 3305
2 4607
6 3305
8
4 3305
3 9494
7 6838
1 395
1 1437
6 3305
1 2205
9
7 6838
9
5 31
4 6838
6 6838
7 6838
3 2336
5 9
4 661
5 3
5 8
5 1
7 6838
5 36
1 2245
8
6 6838
2 2245
2 2205
5 32
9
4 3305
6 6838
8
7 6838
9
1 7892
6 6838
1 1809
5 30
3 9871
9
9
4 6838
5 31
5 18
9
7 6838
5 18
7 6838
3 8918
4 3305
8
2 6838
7 3305
2 1437
9
5 13
3 5906
6 6934
2 6934
9
6 661
3 9929
6 3305
2 395
5 2
5 15
9
5 27
4 1809
5 29
6 3305
9
6 3305
7 661
8
5 6
3 2398
8
6 7239
9
4 7239
8
4 7239
3 4151
6 3305
9
1 3087
8
9
7 3087
9
6 1809
7 661
2 7239
5 29
9
8
7 3087
4 3087
2 3087
9
9
1 4369
7 114
6 4369
6 3305
6 3305
8
4 1809
1 9114
6 1809
7 7892
2 4369
5 29
3 7226
4 7892
3 4951
1 1247
7 7892
8
5 20
6 1247
1 1535
6 3305
8
7 1535
3 8328
6 3305
2 3305
9
6 7892
9
8
8
2 7892
4 1247
2 9027
7 1247
5 20
3 3199
1 9037
7 9037
4 9037
8
7 9037
5 29
9
7 9037
9
4 1247
6 9037
7 661
4 9037
5 19
4 1247
7 9037
7 1247
5 2
8
8
4 9037
1 1855
6 9037
7 309
6 9037
4 1247
3 2721
1 9546
3 1679
6 9037
5 6
7 9037
7 9037
3 6304
1 6866
1 2285
9
3 1153
6 6866
7 1535
2 2285
7 6866
9
7 326
2 6866
7 9037
3 2752
8
8
5 30
2 9037
2 1247
6 9114
2 9114
1 1549
7 366
8
7 270
3 1467
7 1535
5 20
7 9212
3 7105
3 7377
1 3219
7 3219
7 1535
5 3
8
7 9212
4 3219
3 9140
5 23
8
9
3 8051
4 1809
3 7145
7 3219
7 9212
8
4 1535
5 9
3 2348
6 9212
5 32
9
1 8125
6 8125
9
6 3219
7 3219
5 5
7 8125
9
1 2005
3 7162
9
4 1809
3 1654
3 8266
2 8125
9
8
5 23
1 9875
2 3219
4 9212
8
9
3 3107
9
7 9212
6 1535
8
8
5 31
4 270
8
8
9
2 1809
4 9212
7 9212
1 8024
5 8
5 29
2 8024
7 9212
4 9212
4 9212
8
4 9212
4 9212
6 1535
8
5 10
8
4 1535
8
6 9212
8
5 31
7 661
5 20
7 9212
2 9212
4 9546
9
3 1842
8
1 2862
2 661
5 5
9
8
5 32
3 5212
2 9546
5 10
7 2862
8
6 9862
7 9862
7 9862
3 8183
1 7922
2 7922
1 812
4 2005
6 2862
1 7660
8
6 2005
1 2443
4 2443
3 7367
9
2 1535
7 1549
6 1855
1 647
7 2005
5 20
3 7965
4 7660
2 2005
9
8
7 2862
6 7660
1 677
8
3 4124
9
5 8
8
7 1549
3 857
8
5 35
6 2862
9
9
8
5 8
5 5
1 8248
6 647
3 5318
7 7660
5 19
3 3303
8
6 7660
9
5 4
5 35
4 2862
9
4 7660
2 2443
4 2862
5 16
2 270
4 1549
5 1
1 6131
1 6422
6 1855
2 6131
8
3 1652
6 6422
8
2 1549
2 6422
4 7660
6 1855
9
8
7 1855
3 476
3 1597
4 7660
6 7660
9
1 2022
5 26
4 1855
9
3 7499
6 1855
5 18
2 647
2 7660
3 728
8
6 1855
3 3773
5 7
8
9
2 2862
9
8
8
3 582
8
7 8248
7 8248
4 812
3 7654
4 812
8
7 812
6 8248
9
1 2095
3 4336
6 8248
2 8248
7 9862
9
8
8
4 366
2 9862
7 9875
9
4 9875
1 3015
1 5231
4 5231
5 20
3 6466
6 5231
1 8129
4 1855
9
4 366
3 7630
2 5231
9
8
7 1855
6 3015
9
7 1855
4 1855
9
2 8129
4 3015
3 2882
3 2601
4 9875
6 9875
8
3 6102
8
8
2 9875
3 4422
6 9886
7 677
5 16
5 12
2 3015
1 9446
2 294
5 1
7 1855
8
3 7675
2 812
2 1855
2 677
2 9446
5 10
4 9886
7 2022
3 7605
5 17
4 309
3 6721
4 9886
7 9886
3 8525
7 9886
7 2022
8
7 2022
6 2022
6 44
2 2022
1 5211
2 2095
6 5211
1 1372
7 5211
9
8
4 1372
6 1372
9
1 3255
7 3255
6 5211
6 5211
3 8762
9
6 5211
8
5 18
9
4 5211
3 4507
9
1 4667
3 2543
8
8
6 1372
1 1295
5 27
7 3255
8
8
4 5211
3 345
6 3255
6 3255
9
4 4667
5 5
2 3255
3 1659
5 11
1 6362
9
9
2 4667
6 5211
1 6196
7 5211
3 9208
3 5055
5 25
6 1295
2 1295
3 5839
6 5211
7 5211
4 5211
5 13
7 5211
9
7 5211
5 14
4 5211
5 4
4 5211
5 9
5 10
6 5211
5 9
3 283
2 5211
9
8
8
9
7 6196
7 6196
4 309
6 6196
2 1372
7 44
6 6196
5 4
9
9
3 8728
9
2 6196
4 6362
5 19
1 2370
2 6362
8
2 9886
3 2055
8
8
3 296
5 15
5 23
2 9887
7 2370
3 4032
2 9903
8
6 9938
7 2370
5 18
6 2370
5 15
4 309
4 9938
5 2
8
4 9938
3 7407
4 9938
9
1 2793
1 8809
5 18
7 2793
5 16
5 8
7 8809
5 4
6 8809
8
6 8809
6 140
8
9
3 2744
1 3898
7 114
3 5091
7 3898
3 8720
2 2370
6 2793
1 1648
1 2821
9
8
4 1648
9
8
5 15
3 9552
2 2793
8
2 3898
3 403
5 10
6 8809
6 114
8
5 5
2 2821
9
5 8
7 8809
6 8809
6 1648
8
5 3
3 5123
9
8
5 12
2 114
5 4
7 8809
1 3986
3 4550
5 6
8
2 3986
7 8809
4 8809
1 6291
1 5936
1 1547
1 4648
2 4648
3 1456
7 1547
2 5936
9
1 5431
6 5431
3 598
7 5431
9
8
7 5431
6 5431
3 6339
7 1547
6 5431
3 9428
3 7990
6 5431
9
5 19
9
2 1547
6 5431
9
4 1648
2 5431
3 8885
8
9
9
5 12
1 2302
9
7 1648
4 2302
4 2302
7 6291
5 1
9
8
7 2302
5 5
1 166
1 891
4 6291
6 6291
2 1648
6 6291
4 2302
6 6291
2 891
8
4 6291
4 2302
2 6291
7 2302
7 8809
7 2302
5 5
4 8809
5 4
6 8809
8
8
4 8809
6 8809
7 2302
4 2302
6 8809
1 6900
3 3052
3 6840
2 6900
2 2302
2 8809
4 9938
1 9134
2 9134
3 5395
8
2 9938
1 7718
9
7 7718
5 5
5 9
3 4427
9
4 7718
3 1933
4 7718
5 8
3 2501
4 7718
4 7718
8
1 3595
9
6 7718
5 6
8
2 3595
8
6 366
1 4567
9
7 4567
6 4567
5 4
8
3 8510
6 4567
3 2373
2 309
6 7718
4 4567
4 4567
7 4567
5 5
9
6 4567
4 4567
7 4567
6 4567
4 4567
8
5 15
6 4567
9
6 4567
6 4567
1 3747
4 3747
3 4659
6 3747
6 3747
4 3747
9
8
1 4442
4 3747
7 7718
2 4567
5 2
2 44
4 3747
3 399
3 3666
9
3 2594
8
6 312
6 3747
2 3747
1 3214
8
6 148
3 8160
3 4201
3 9896
7 7718
3 1308
9
8
2 3214
1 6587
8
2 4442
1 7014
5 20
4 6587
9
8
7 6587
9
6 6587
4 6587
8
8
6 6587
2 6587
1 1297
8
1 9539
7 7014
1 110
7 7014
6 7014
2 7014
3 6765
9
1 362
3 9377
2 7718
8
2 312
6 326
2 9539
1 9128
2 9128
1 8634
3 2067
4 8634
8
7 8634
9
9
6 1297
8
1 9157
1 8042
6 8042
8
3 3488
2 8042
3 5535
7 1297
3 8798
1 6020
3 8618
5 18
4 6020
3 9886
1 1955
7 6020
5 2
5 20
5 17
3 5101
9
6 1955
7 6020
3 5038
3 4947
5 4
1 3297
6 1955
3 2268
7 3297
1 8076
5 14
1 8001
6 1955
2 1297
5 4
1 8129
8
6 6020
2 3297
8
7 1955
2 6020
5 14
8
5 6
6 8001
7 8001
8
5 21
9
2 1955
9
6 8001
4 8001
2 8001
6 8076
9
8
3 9127
3 1605
8
3 4707
4 8076
5 22
5 8
8
8
6 8076
6 8076
9
5 17
9
2 8076
8
6 8129
5 17
8
6 8129
1 3555
1 602
5 23
3 6123
5 1
6 3555
3 6380
6 3555
4 3555
3 1295
1 8120
8
9
5 11
8
9
9
3 9461
2 8120
7 8129
6 8129
2 3555
6 8129
2 8129
7 8634
5 7
2 8634
8
1 2719
8
6 2719
8
1 5573
8
8
1 8478
6 5573
9
2 5573
6 2719
1 8613
7 8478
3 1820
3 9805
3 6278
8
6 2719
6 2719
7 2719
3 9151
9
1 2728
2 110
7 2719
6 2719
1 6675
6 2719
6 6675
7 2719
2 2719
7 6675
1 4005
3 2288
2 4005
1 776
9
4 6675
7 2728
2 6675
3 8743
9
7 140
9
5 2
7 8478
1 9251
4 2728
1 8130
8
7 8130
2 8130
3 6908
7 2728
4 8478
5 18
2 602
1 9466
4 8478
3 4517
1 5518
4 5518
8
8
1 4931
6 326
2 4931
6 2728
9
8
2 776
5 7
2 2728
3 7623
3 9458
1 3672
6 3672
3 8930
9
5 9
2 3672
9
4 5518
6 5518
4 5518
3 9120
4 166
6 5518
4 5518
4 5518
2 5518
1 3929
7 3929
5 9
8
4 3929
5 3
9
7 3929
9
1 3131
1 4603
2 3131
8
5 9
3 2465
5 9
3 6833
7 3929
6 3929
5 1
6 3929
5 11
3 4251
7 4603
5 23
1 2947
6 3929
5 16
6 2947
1 5146
5 21
6 5146
1 1056
5 19
9
5 22
9
6 3929
6 2947
6 1056
3 3337
7 2947
5 8
6 2947
3 4883
4 2947
2 2947
4 3929
3 9545
2 1056
4 3929
2 5146
1 2286
8
6 3929
1 7997
4 2286
2 326
8
6 2286
4 2286
9
6 338
5 19
2 2286
7 3929
2 3929
2 4603
8
1 6171
1 5922
9
7 5922
6 5922
1 1023
2 5922
3 5094
1 103
7 6171
1 1325
6 6171
8
1 3520
5 25
3 7049
9
6 3520
4 6171
1 1555
5 24
8
4 1023
5 26
4 6171
2 1325
4 103
9
1 3250
5 20
6 1555
8
9
6 3520
5 19
8
5 5
8
7 6171
3 3236
7 1023
9
4 6171
3 2764
1 2863
4 6171
9
9
8
3 9812
9
1 5915
2 1023
8
7 5915
7 5915
3 5709
3 806
1 8641
9
7 3250
8
7 1555
7 5915
9
4 3250
6 1555
1 4260
5 17
7 4260
1 9441
3 6334
6 2863
4 2863
8
1 9375
9
4 2863
6 1555
1 3916
8
3 4386
2 4260
2 3916
7 1555
4 2863
1 6243
6 5915
6 2863
1 3689
4 1555
2 2863
2 1555
2 3250
2 3520
1 5066
5 4
7 3689
2 3689
4 5066
2 5066
3 8713
5 22
6 5915
2 5915
7 6171
4 6171
5 22
7 6171
8
6 6171
9
2 6171
9
6 6243
2 6243
6 7997
7 7997
8
4 7997
7 7997
1 8099
6 7997
6 7997
7 7997
9
9
8
5 1
3 1054
2 7997
1 6718
6 6718
1 6827
2 6718
7 6827
5 6
3 7799
4 6827
3 510
9
7 6827
7 6827
2 140
3 7735
4 6827
7 6827
3 8663
9
8
4 6827
6 6827
4 6827
3 9702
2 6827
6 8099
9
5 21
6 8099
4 338
8
2 8099
2 338
1 6802
5 24
9
7 6802
2 6802
8
8
8
4 8478
2 8478
5 14
1 1052
9
7 8613
8
2 1052
3 3243
4 8613
3 7719
5 9
3 8063
1 8607
3 6464
5 3
8
1 3338
8
6 3338
1 1168
5 25
9
8
3 4334
7 3338
4 1168
2 8607
3 5975
9
5 13
5 20
9
8
2 1168
9
9
7 8613
6 3338
2 3338
8
4 8613
8
5 3
8
4 8613
7 8613
9
8
7 8613
4 8613
7 8613
4 8613
3 6465
1 1171
6 8613
1 1230
3 7160
2 8613
4 8641
2 166
8
9
6 8641
2 1171
3 5615
7 8641
4 8641
9
8
7 1230
4 8641
9
4 362
2 8641
3 3014
9
6 1230
9
3 4306
2 1230
1 8791
9
8
3 8800
1 8830
4 8791
2 8791
7 8830
6 8830
1 7420
9
5 2
1 1253
6 7420
5 14
2 7420
8
8
8
5 10
9
4 1253
7 1253
4 8830
3 6445
8
5 7
9
9
2 8830
2 9157
1 4387
7 1253
8
1 3654
2 3654
9
3 4266
1 6599
7 362
2 4387
5 2
2 6599
1 4097
6 4097
3 544
8
3 3374
1 5984
4 4097
9
8
6 4097
8
7 1253
2 1253
2 5984
1 7370
6 4097
5 18
2 362
1 7765
4 7370
3 4436
4 4097
3 1993
2 4097
1 8046
3 4537
6 7370
7 7370
8
9
7 7370
9
9
4 7370
6 103
7 7370
9
6 7370
5 19
1 8528
8
5 2
5 16
1 6648
1 3284
5 18
3 7877
6 3284
3 2261
3 2734
6 3284
4 3284
5 1
3 356
4 6648
8
2 3284
9
3 4338
2 6648
8
9
3 2769
1 6494
4 6494
8
2 6494
6 7370
5 11
7 7370
9
4 7370
2 7370
9
2 7765
1 2557
1 6425
9
4 6425
8
8
3 3824
5 4
8
4 6425
9
8
1 36
9
6 6425
2 2557
9
9
9
7 6425
5 10
4 6425
9
5 12
8
6 6425
9
6 6425
1 3064
6 3064
5 9
4 3064
7 3064
9
1 2412
9
6 2412
1 5007
1 1926
6 1926
5 7
1 4899
3 7281
6 4899
6 4899
6 4899
6 4899
2 3064
1 4967
7 1926
2 1926
8
4 366
5 23
9
3 2441
1 6847
3 7993
9
6 4899
7 4899
3 7861
1 7544
7 4899
5 22
8
1 7643
4 4899
2 103
5 18
5 6
9
1 3938
7 2412
5 17
6 3938
4 2412
7 3938
7 3938
7 3938
2 3938
9
7 4899
6 2412
3 2659
9
6 4899
9
4 366
5 17
7 4899
1 3545
2 2412
8
2 148
9
2 3545
5 6
3 3534
9
3 1606
7 4899
1 8122
8
1 7481
5 4
3 8007
6 4899
9
2 4899
9
7 4967
4 4967
7 366
3 395
7 366
5 13
1 7657
9
1 6125
5 15
6 4967
9
7 4967
2 4967
5 9
9
4 366
1 5323
6 5007
2 5007
6 5323
8
5 11
1 4508
7 4508
8
4 4508
8
2 4508
3 5821
7 5323
3 9148
3 5235
3 1905
2 5323
3 5685
1 4398
2 4398
7 6125
8
1 5585
9
5 1
6 5585
2 5585
8
9
2 6125
3 2875
7 6425
6 6425
3 5269
6 6425
2 6425
2 6847
5 22
4 7481
8
7 7481
9
6 7481
1 3231
4 7481
6 3231
2 7481
5 3
9
2 3231
1 3434
1 2467
6 2467
5 11
5 5
8
1 4746
4 3434
8
5 5
7 3434
7 4746
4 4746
3 92
6 2467
5 5
3 8475
2 366
2 2467
4 3434
3 8350
7 3434
4 4746
7 4746
4 3434
8
3 4529
3 5640
6 3434
2 7544
2 3434
1 2637
1 707
6 2637
6 4746
9
1 1864
1 74
2 4746
7 1864
7 1864
5 16
9
8
8
6 7643
3 9709
4 7643
4 7643
7 2637
9
7 1864
9
4 707
9
6 1864
9
1 3447
4 1864
3 3833
3 5993
2 1864
8
8
3 9562
2 3447
5 23
2 2637
6 707
1 1555
2 7643
1 626
5 18
3 1771
3 1250
4 7657
5 1
9
5 1
9
4 7657
6 7657
9
1 9887
6 36
9
5 14
9
7 7657
9
3 5076
2 74
3 1990
9
9
5 1
2 1555
5 19
7 7657
5 5
8
5 16
5 13
4 7657
2 626
3 5033
7 7657
3 6406
9
4 7657
1 2156
1 7357
2 7357
7 7657
1 3484
7 7657
3 2477
9
1 2541
1 1432
3 9712
4 7657
6 7657
6 3484
9
9
3 5655
4 7657
8
9
9
8
5 9
6 3484
7 7657
3 6737
8
5 14
6 707
4 1432
6 2541
4 1432
7 7657
9
6 7657
3 8515
2 7657
5 1
1 4822
2 2541
9
7 3484
4 3484
8
1 6667
9
7 4822
4 1432
1 9733
5 20
5 18
8
6 4822
4 3484
7 2156
2 707
8
7 4822
2 3484
9
6 6667
5 4
7 4822
4 4822
1 7424
4 4822
4 4822
7 4822
1 9258
4 1432
3 5900
5 2
1 6777
9
4 4822
1 1638
2 1638
6 4822
6 4822
4 2156
9
2 1432
9
2 2156
1 523
8
9
6 523
5 19
8
9
8
5 1
9
9
2 4822
3 7884
7 6667
9
4 6667
4 523
3 7409
4 6667
6 6667
4 6667
4 6667
1 8659
6 6667
8
4 6667
9
4 6667
5 5
6 6667
1 368
7 6667
4 6667
1 565
5 14
7 6667
3 2604
4 6667
3 2301
1 5708
6 5708
9
4 5708
2 5708
4 6667
4 6667
7 6667
1 5154
7 5154
2 5154
2 6667
7 6777
5 13
6 6777
8
9
8
2 368
9
7 6777
1 4266
4 523
8
4 4266
5 25
2 4266
2 6777
4 7424
1 9200
2 7424
2 8046
7 8122
3 1682
7 8122
8
8
8
6 8122
2 8122
1 1759
7 1759
3 6652
1 2389
3 4896
8
3 5021
8
8
9
2 8528
3 5085
2 1759
3 5575
7 2389
6 8659
2 8659
7 523
5 18
3 496
7 523
3 4475
1 8073
5 21
2 523
4 8073
8
3 6470
6 8073
3 4711
6 2389
8
6 565
3 2501
2 8073
1 3603
5 16
9
7 2389
2 3603
6 9200
4 9200
4 9200
4 2389
8
3 9489
4 9200
4 9200
2 9200
9
1 5767
6 5767
8
9
9
4 5767
8
1 9146
7 2389
7 2389
2 5767
8
2 9146
5 5
3 9762
7 9251
4 9251
9
7 2389
1 4392
9
9
5 11
7 2389
8
5 2
8
1 6068
5 17
5 7
9
9
8
8
1 2177
1 938
5 10
1 6866
1 1795
4 1795
8
2 4392
2 6068
5 14
6 1795
8
9
4 6866
1 6330
6 6330
5 14
9
3 4881
2 1795
7 6330
2 2177
3 2623
4 2389
5 8
8
3 13
7 6330
3 648
7 6330
3 4859
4 2389
9
7 6330
8
5 20
7 938
7 6330
7 2389
8
2 2389
4 6330
6 6330
6 6330
1 2599
5 16
1 5694
3 6628
1 6082
6 565
6 5694
1 4501
8
1 1269
8
5 20
8
2 2599
4 1269
2 938
7 5694
7 4501
6 4501
8
4 4501
4 565
6 1269
6 4501
7 4501
8
3 3514
5 3
6 1269
1 5037
9
1 5671
7 4501
2 4501
9
1 2692
6 2692
7 1269
5 5
3 3236
4 1269
1 5565
5 5
9
5 24
3 8594
4 2692
2 5037
8
4 2692
6 2692
6 5565
7 2692
2 565
2 5565
8
1 774
2 5671
2 5694
2 2692
8
4 1269
8
2 774
5 5
1 4247
6 4247
3 1200
1 7852
5 8
7 6082
2 4247
1 4025
3 4333
3 270
2 1269
8
5 20
7 4025
1 2393
1 4584
6 6082
4 2393
8
9
3 9329
6 2393
2 6082
7 2393
7 2393
6 4025
2 2393
1 620
6 620
6 620
8
9
3 6517
1 6932
4 4025
9
3 547
8
6 4025
9
3 3227
6 4025
7 4025
3 7882
2 4025
4 620
5 5
7 4584
7 6330
2 4584
7 6330
3 8585
7 6330
4 6330
4 6330
8
3 113
4 6330
1 4192
3 4970
3 9395
5 15
4 4192
4 4192
6 620
2 6330
8
1 8973
8
9
8
5 4
8
4 4192
5 10
7 6866
3 8937
7 620
2 4192
7 6866
6 6866
1 811
3 7627
4 6866
1 9922
9
5 12
6 6866
1 8326
6 6866
9
4 6866
4 6866
9
3 1252
8
7 6866
9
6 620
1 2093
1 6480
2 6480
2 6866
7 6932
7 6932
1 7313
8
6 6932
5 21
6 620
7 6932
2 620
3 5826
3 6092
3 777
9
6 811
1 9934
9
1 1495
7 6932
5 5
2 6932
3 3555
3 5357
3 5779
1 9818
6 811
8
7 811
2 7313
7 7852
2 7852
6 811
8
8
6 811
2 8326
2 2093
6 8973
6 8973
7 8973
6 8973
4 8973
5 24
4 811
3 7773
2 1495
8
5 5
2 8973
7 811
5 17
7 9251
8
1 499
6 9251
8
7 499
2 9251
1 483
4 9258
4 9258
2 811
1 5986
1 6828
8
2 5986
6 6828
8
2 6828
3 678
7 9258
2 9258
2 9375
2 9441
1 9298
6 9298
6 9298
6 9298
4 9298
4 9298
6 9298
9
6 9298
1 5385
8
8
1 3660
4 3660
7 483
2 36
1 9811
6 3660
6 3660
4 3660
7 5385
4 483
5 5
3 6455
2 5385
7 3660
7 3660
7 3660
7 9298
1 4072
8
7 3660
9
1 1817
9
7 3660
1 8302
6 3660
7 3660
4 4072
7 8302
7 3660
6 1817
6 3660
5 24
9
3 9487
2 3660
2 483
8
5 5
6 4072
1 1282
6 4072
7 8302
4 4072
6 4072
1 7809
1 8417
1 292
1 3448
7 1817
1 7736
5 12
2 3448
7 4072
7 4072
6 4072
7 4072
3 711
5 8
4 7736
5 24
9
1 4374
2 499
1 2291
4 7736
4 292
1 3422
7 4072
1 4263
9
9
5 18
8
8
3 5227
6 7736
7 292
3 4652
2 3422
4 1817
9
2 1817
5 15
4 1282
2 4072
7 4263
9
4 7736
5 12
6 1282
8
6 7736
9
4 7736
4 4263
5 23
7 292
6 1282
2 4263
5 10
7 4374
6 2291
3 9373
9
5 3
1 6364
6 4374
5 8
9
9
8
4 292
2 4374
2 292
5 15
2 6364
4 1282
9
3 8663
4 7736
8
2 7736
3 2145
4 7809
6 7809
1 1042
6 1042
4 7809
1 3608
5 16
2 2291
3 3492
7 7809
3 5375
6 3608
1 8178
3 8108
2 1282
8
2 1042
9
8
4 3608
2 3608
8
4 7809
3 5119
7 7809
4 7809
2 7809
4 8178
3 6570
1 593
7 593
5 16
7 8178
5 19
7 8178
2 8178
9
5 4
9
3 6667
2 8302
7 8417
9
2 8417
1 7421
6 7421
8
2 7421
1 8388
6 8388
2 8388
1 8172
7 593
8
9
3 6025
3 1543
9
3 2752
4 8172
2 593
1 4573
3 7129
6 4573
1 5397
4 4573
4 4573
8
1 5221
4 4573
3 8356
4 4573
7 4573
8
1 1091
9
2 4573
6 5221
4 1091
5 8
3 7538
7 5221
4 5221
1 1497
7 5221
8
9
4 1091
2 5221
2 5397
9
1 1764
2 1091
2 8172
7 9298
1 9253
1 4948
3 295
8
6 9253
7 4948
4 4948
2 1497
9
8
6 1764
1 2423
7 4948
9
4 4948
7 1764
7 4948
1 9920
6 4948
4 4948
4 2423
7 1764
1 4860
9
8
7 1764
4 4860
4 1764
4 4860
4 1764
7 1764
8
9
5 6
1 5998
2 4860
4 1764
6 1764
6 1764
9
5 17
3 3912
7 2423
8
9
7 4948
8
2 4948
8
9
2 2423
4 5998
8
5 18
1 6567
3 6628
4 5998
7 5998
8
7 1764
1 5219
6 5219
6 5219
8
4 1764
3 1337
8
4 1764
1 214
8
8
4 1764
4 5219
6 5219
1 4221
9
5 5
3 8158
8
7 5219
3 6875
1 3672
9
5 19
9
6 1764
3 7652
3 3878
6 3672
2 214
2 1764
6 3672
9
4 4221
3 1693
9
7 5219
5 2
2 3672
5 3
4 5219
8
9
5 13
1 5927
7 4221
1 5200
2 4221
4 5200
3 3468
5 25
8
7 5200
8
6 5200
5 20
5 4
9
8
9
7 5200
3 3846
3 5278
5 17
1 9347
9
9
6 5200
9
7 5200
4 5200
6 5200
6 5200
2 5200
5 25
6 5219
8
1 5487
2 5219
2 5487
7 5927
1 856
2 5927
5 5
3 1133
2 5998
3 470
1 1785
1 9254
9
6 6567
4 6567
2 6567
7 856
6 9253
4 9253
1 9985
1 1787
3 9275
6 1785
2 856
4 9253
1 4098
2 1785
9
4 4098
9
4 1787
9
8
6 9253
6 4098
2 4098
4 9253
6 9253
5 22
1 7296
2 7296
2 9253
2 1787
8
8
3 2547
5 18
2 9254
4 9298
3 862
3 5661
4 9298
3 6873
2 9298
4 9347
6 9347
8
3 1093
8
8
5 6
4 9347
3 1088
8
4 9347
7 9347
9
3 3089
2 9347
1 4346
1 4345
8
9
9
3 7848
8
7 4345
2 4345
2 9466
1 5337
4 4346
9
2 4346
1 5088
1 6110
8
8
2 5088
2 5337
1 9647
2 6110
1 3440
8
6 3440
6 3440
8
3 69
1 3001
3 5012
3 4027
6 9647
4 3440
8
6 9647
2 3001
7 3440
9
8
2 3440
1 627
7 9647
9
6 9647
8
6 9647
9
5 1
9
4 9647
6 9647
7 9647
6 9647
1 8141
7 8141
1 4778
2 4778
7 8141
9
5 8
2 8141
1 6912
6 6912
4 6912
6 6912
5 4
8
5 1
7 6912
4 6912
7 6912
4 6912
2 6912
9
8
4 9647
9
8
9
4 9647
8
1 5699
2 627
7 5699
2 5699
1 26
1 4702
7 4702
5 8
9
2 4702
9
5 13
2 9647
1 5230
4 5230
2 5230
1 578
1 9939
3 297
5 19
5 3
2 9733
9
9
9
4 9811
4 9811
8
6 9811
1 3950
5 6
3 1863
6 3950
1 5415
2 3950
1 5498
2 5415
5 18
3 7976
6 5498
6 5498
6 5498
4 5498
8
5 8
8
4 578
5 14
9
4 5498
1 9593
2 5498
8
6 9593
1 3422
4 3422
6 3422
4 3422
9
3 7972
8
5 2
2 9593
6 3422
5 2
4 578
5 11
2 9811
3 3006
2 3422
1 428
8
3 3812
9
3 917
4 9818
6 9818
5 16
2 9818
1 1862
4 9887
5 4
3 1401
3 4356
6 9887
2 578
1 5434
4 5434
3 7123
2 5434
1 5612
4 5612
4 5612
9
6 5612
6 1862
4 1862
7 1862
5 10
2 1862
1 2216
2 5612
1 1882
6 9887
6 9887
9
7 9887
3 3179
6 1882
7 9887
7 2216
1 395
2 1882
4 9887
6 395
3 9084
8
8
1 1730
4 9887
2 1730
9
1 1212
3 7474
5 14
5 13
7 9887
9
2 9887
2 1212
1 9927
7 9920
7 9920
6 2216
5 2
1 183
1 729
1 8880
1 2296
9
6 8880
9
4 8880
3 731
8
7 2216
5 5
9
7 2216
7 2216
4 729
7 8880
5 22
8
2 2216
4 2296
5 13
5 14
4 2296
8
2 8880
7 2296
1 2256
5 9
9
5 15
5 7
4 9920
8
4 9920
9
6 9920
4 2256
7 2256
4 9920
5 2
2 9920
4 9922
4 9922
1 6870
4 6870
3 5737
6 6870
2 6870
5 21
5 16
3 2521
8
6 2256
5 22
5 22
8
1 3321
7 9922
8
6 3321
9
2 9922
8
3 4856
1 3123
8
9
7 9927
4 9927
3 3105
1 7093
9
3 4938
3 8901
1 7027
2 7027
9
1 8697
9
1 1889
3 7324
7 7093
2 7093
8
6 395
8
9
2 1889
6 3321
3 8413
8
5 13
8
1 1853
1 9508
9
2 8697
8
3 6465
9
7 2256
7 9508
7 3123
5 7
7 9508
8
4 1853
9
5 20
9
9
1 9817
7 9508
4 2256
7 395
7 9508
4 9508
5 20
6 9508
3 7418
6 3123
2 1853
4 3123
8
9
2 729
7 395
5 14
1 2056
1 1665
7 9508
8
2 3123
6 1665
7 9508
3 194
7 2256
3 685
1 1123
1 4306
4 4306
7 4306
1 7401
5 20
2 1123
5 9
3 5399
2 7401
1 5933
8
1 1537
7 4306
5 23
3 4783
3 3207
4 3321
6 1537
8
1 1478
5 22
2 395
2 428
9
7 5933
9
7 3321
7 3321
6 1478
8
8
6 183
9
3 4768
3 2764
3 8184
2 3321
3 2909
7 4306
4 4306
6 5933
8
3 2624
4 1478
9
9
9
6 1478
8
7 4306
7 4306
3 4584
3 3760
6 5933
8
8
2 5933
9
2 1478
9
6 2296
6 4306
5 17
1 455
8
4 1537
2 9508
2 4306
5 3
5 22
8
5 5
5 10
8
8
6 9817
9
1 2767
1 8131
9
1 3949
1 7417
4 1537
9
1 5075
4 2256
7 1665
8
9
3 4165
7 3949
9
2 2256
3 9925
8
