100
1 55
1 33
1 51
1 96
1 80
1 35
1 6
1 81
1 69
1 67
1 97
1 53
1 23
1 38
1 58
1 49
1 87
1 26
1 46
1 68
1 24
9
7 23
1 72
9
7 23
6 46
3 58
7 33
7 49
1 1
1 43
3 17
9
9
1 28
7 23
6 51
6 23
8
8
1 37
3 60
1 82
7 23
9
7 43
7 23
9
3 54
9
9
9
3 68
6 23
1 40
8
8
3 8
6 6
6 23
3 27
9
1 21
6 35
7 21
8
3 80
8
6 33
9
3 99
9
1 22
6 26
9
6 21
3 71
8
8
7 21
6 21
3 89
1 79
1 76
8
7 21
9
7 26
1 66
6 6
9
9
8
3 51
6 6
3 96
1 95
7 21
9
