10000
1 7500
1 1661
1 6617
1 5735
1 6097
1 6270
1 5964
1 9152
1 4048
1 3443
1 9120
1 4054
1 9439
1 2819
1 1355
1 8887
1 9009
1 2540
1 8484
1 6866
6 2540
2 1355
1 5925
2 1661
1 641
1 9215
9
9
8
6 5735
8
5 18
6 2540
9
3 7810
3 8653
4 641
5 14
2 2540
8
5 7
7 2819
6 4048
7 2819
1 3967
2 5735
6 2819
1 625
9
5 19
4 625
2 5925
6 2819
4 3967
7 2819
8
7 2819
3 8749
7 2819
4 625
3 5433
7 2819
3 1102
5 16
9
1 9326
2 3443
8
3 7515
1 6520
8
3 4410
7 2819
8
2 2819
6 3967
2 3967
1 7785
6 4048
9
2 4048
1 3839
7 3839
1 2327
7 2327
8
1 5906
6 3839
1 5876
6 3839
9
5 1
5 18
2 3839
9
4 625
1 9770
8
2 4054
1 4586
2 2327
1 741
1 2295
4 2295
2 2295
3 4906
5 15
2 4586
3 6539
4 5876
6 5876
8
7 5876
9
2 5876
7 5906
6 625
7 5906
8
2 5906
4 5964
1 4821
5 16
8
8
9
7 625
5 3
3 705
4 4821
2 4821
1 3362
5 11
2 741
3 4379
8
4 3362
2 5964
1 1623
1 1234
5 9
7 6097
6 625
7 6097
4 625
2 3362
3 9436
5 17
3 1622
1 5724
5 6
7 5724
1 4746
2 5724
1 7148
1 5934
2 1234
7 4746
5 21
5 13
9
3 3216
2 4746
5 16
8
9
3 2481
3 891
5 17
7 5934
3 5889
8
8
7 5934
8
6 5934
4 5934
3 6762
9
3 6062
7 5934
3 587
3 6576
3 3846
3 6822
6 5934
5 20
6 5934
7 5934
5 3
2 1623
1 3330
8
2 3330
4 5934
6 5934
3 6554
3 5566
3 7158
9
8
8
4 5934
8
3 7217
9
1 8264
9
7 5934
1 7543
1 7558
7 5934
6 5934
6 5934
7 5934
9
1 7799
4 5934
6 625
2 5934
6 6097
9
1 1487
3 527
9
2 6097
1 8673
2 6270
7 1487
2 625
8
7 6520
4 1487
9
9
9
3 6940
5 8
8
9
5 13
5 19
4 6520
4 641
5 7
5 5
7 6520
1 4132
5 15
3 862
7 4132
8
4 1487
7 1487
9
6 6520
8
3 6139
6 1487
1 9742
7 641
3 9537
8
5 9
7 1487
1 3966
2 1487
6 3966
8
6 3966
9
5 16
9
9
1 5982
6 3966
1 1280
3 4535
2 3966
4 4132
1 1845
1 8164
2 5982
4 1280
3 4503
5 9
6 1280
1 3446
1 8129
4 3446
1 9363
4 3446
3 5588
6 3446
5 4
7 1280
8
3 341
1 9649
3 7769
3 1641
2 6520
2 4132
2 1280
9
7 1845
8
1 1734
3 1828
6 6617
4 6617
8
7 1734
6 6617
9
8
2 6617
7 3446
1 5087
1 4630
4 1734
8
9
8
2 4630
1 2753
8
4 5087
9
9
2 2753
4 5087
8
5 27
7 5087
3 2328
4 5087
5 16
6 3446
9
3 5517
2 5087
5 26
4 3446
1 1640
6 3446
7 641
7 1640
2 3446
3 7255
7 1640
7 1640
2 641
1 8113
4 6866
9
7 6866
9
9
4 6866
9
8
5 26
3 8316
5 24
5 7
9
2 1640
8
7 6866
8
5 9
4 6866
4 1734
1 2776
4 6866
6 1734
3 5330
9
6 6866
2 6866
4 1734
7 7148
7 1734
7 2776
1 598
3 4686
9
2 7148
5 3
1 9015
2 7500
9
8
8
9
4 7543
6 598
1 5604
1 5425
7 5425
7 5425
1 5587
9
6 2776
4 5425
8
9
2 2776
5 3
5 28
1 7133
1 5716
7 1845
7 1734
6 5425
8
9
5 24
2 598
6 5425
7 1734
6 1734
5 25
7 5425
7 5425
9
4 5425
5 26
5 1
9
5 15
7 1734
6 5425
9
4 5425
2 1734
4 5425
8
5 21
3 763
1 1911
2 5425
5 25
3 2897
2 5587
9
4 5604
4 1845
6 1845
8
3 9749
6 5604
9
9
5 7
9
7 1845
4 5604
8
1 7714
9
2 1845
3 369
5 27
9
5 14
6 1911
3 2380
4 5604
5 22
3 4633
5 3
3 6800
7 5604
4 1911
4 5604
5 16
3 2730
4 5604
1 213
9
3 8742
4 5604
8
3 6922
6 5604
3 8946
2 1911
6 5604
8
1 3185
2 3185
8
2 5604
4 5716
7 5716
5 22
7 5716
3 9226
5 25
6 5716
3 8171
4 5716
7 5716
8
9
3 2423
1 5046
6 5046
7 5046
7 5046
7 5046
8
4 5046
9
7 5046
1 6493
2 5046
4 5716
1 2778
8
5 22
2 5716
3 4549
3 5376
5 20
2 2778
2 6493
3 8443
3 1833
8
7 7133
5 15
9
5 24
2 7133
5 14
5 4
3 7211
8
2 7543
1 3213
3 8772
5 14
8
2 7558
4 3213
6 7714
3 2910
8
4 3213
4 3213
1 5509
7 3213
4 3213
5 21
9
2 5509
7 7714
7 3213
6 7714
8
5 8
8
6 3213
5 14
3 8789
6 3213
8
9
8
4 3213
4 3213
2 3213
3 9277
7 7714
5 16
2 7714
2 7785
8
6 7799
5 10
9
8
5 5
4 7799
9
4 7799
8
6 7799
8
2 7799
1 8473
5 16
6 8113
5 2
4 8113
6 8113
5 3
7 8113
7 8113
9
7 8113
8
4 8113
8
1 4315
9
9
4 4315
2 4315
5 12
8
6 8113
2 8113
1 1168
9
4 1168
1 6453
1 2582
7 6453
3 6808
5 4
7 6453
6 1168
2 2582
2 6453
4 8129
7 8129
3 5295
1 9847
2 8129
9
6 1168
7 1168
7 1168
7 8164
5 2
1 7528
1 8224
7 7528
9
9
4 7528
1 6973
3 2164
6 1168
4 6973
3 4317
6 6973
1 2061
5 11
2 6973
5 9
9
2 7528
6 8164
5 6
2 8164
5 1
4 8224
9
2 2061
3 3433
5 8
5 16
3 9994
3 7003
3 6429
3 7507
3 6045
3 6243
4 8224
1 525
5 6
3 5830
9
5 2
4 525
6 8224
7 8224
8
8
3 5425
9
9
7 8224
1 2719
4 8224
6 8224
8
6 8224
5 17
1 1831
1 1550
7 1168
6 2719
5 18
3 3590
5 18
9
2 8224
4 1168
6 525
6 8264
3 6186
2 8264
2 8473
8
3 3195
5 7
3 5621
1 7106
9
4 2719
2 2719
7 213
8
8
1 5541
3 6968
4 1168
3 1801
3 7436
2 5541
1 2958
3 7281
4 2958
2 1831
9
7 7106
9
7 2958
2 2958
2 7106
1 2874
6 2874
6 2874
5 13
4 213
8
1 6795
7 6795
5 17
9
1 9726
3 7293
3 5249
9
9
1 8678
4 2874
5 18
7 2874
5 20
8
6 6795
1 8297
7 6795
5 17
8
6 6795
7 6795
4 1550
5 8
3 6809
5 12
9
7 2874
4 6795
8
4 213
2 6795
3 8618
8
3 4010
1 4793
8
1 3166
4 4793
1 2234
2 4793
5 25
3 7421
9
4 2874
5 21
5 2
6 1550
2 1168
1 5850
4 1550
1 9770
7 1550
2 1550
9
9
4 5850
1 2438
8
1 4273
5 20
6 525
1 3336
6 4273
3 4830
2 2438
9
1 6293
3 4769
7 2234
7 4273
8
8
6 2234
3 3946
2 4273
7 5850
8
3 8611
6 213
1 1957
2 1957
2 5850
1 7262
5 19
6 2234
4 6293
4 525
2 6293
4 2234
6 525
6 2234
4 2234
8
5 6
5 7
1 2098
8
9
1 8569
5 12
1 9935
4 525
2 2234
4 2874
3 9325
5 27
6 7262
7 525
4 213
7 2098
5 22
4 7262
6 2098
5 7
8
9
4 2874
9
7 3166
2 2874
3 3587
7 2098
7 2098
4 525
2 2098
7 525
9
7 7262
2 3166
2 7262
2 3336
8
5 12
9
3 3680
4 8297
7 8297
2 8297
3 7526
4 8484
3 4570
9
2 8484
1 6656
8
8
8
9
8
1 3530
8
3 1066
7 3530
8
3 5991
4 3530
6 6656
2 3530
9
1 8562
6 6656
2 6656
3 3713
4 8562
4 213
2 8562
4 8569
5 7
9
3 2981
5 15
3 3142
6 8569
5 3
7 8569
6 8569
6 8569
2 8569
1 2889
3 3565
9
4 8673
3 2935
2 8673
6 8678
3 9985
3 7148
6 2889
8
8
5 9
8
9
3 5512
5 14
8
8
1 2973
6 8678
9
9
5 8
4 8678
1 2095
7 2095
9
6 2889
8
3 5922
5 12
3 8902
9
4 2095
3 4273
2 525
6 2889
2 8678
8
1 4330
9
2 8887
3 475
4 2889
9
5 10
6 4330
7 2973
6 2095
5 10
7 4330
7 4330
4 2973
1 4185
7 4185
4 4330
2 4185
7 213
3 3974
2 2095
1 42
8
2 4330
1 1943
9
7 2889
7 1943
7 9009
5 10
6 1943
8
4 2889
9
5 5
4 1943
2 9009
1 5534
1 2643
7 2643
6 1943
5 12
6 5534
6 2889
5 1
3 7355
1 914
5 2
1 4138
1 5064
6 4138
6 1943
2 5064
6 4138
3 7312
7 5534
2 5534
6 914
8
9
7 2889
1 2235
9
7 2643
5 7
9
7 914
7 4138
5 18
1 8362
7 914
6 2235
1 9935
7 1943
6 8362
1 224
7 4138
9
5 15
1 4541
5 2
2 2643
5 18
3 1080
4 1943
9
1 1978
5 8
2 1943
5 6
4 2973
1 1863
4 1863
4 4138
3 4407
3 3101
3 965
9
6 2889
3 4968
2 2235
5 4
9
4 2889
1 2414
1 5997
6 1863
4 4138
7 2973
5 4
9
8
5 26
6 5997
3 9724
5 27
4 4138
1 8718
4 2414
9
6 914
3 6277
7 2414
6 914
7 4138
9
6 914
9
1 3267
4 5997
8
5 4
9
2 2889
2 4138
9
7 1863
5 2
7 2414
2 4541
4 1863
3 4115
9
8
4 1863
5 26
3 7787
3 3650
3 8082
9
3 2474
8
6 5997
4 914
8
1 1914
2 1863
8
5 23
8
7 2973
8
7 1914
9
8
6 2973
8
4 5997
4 213
7 5997
6 914
7 5997
2 5997
2 1914
6 1978
8
8
5 15
7 2414
3 210
3 1267
3 1835
4 1978
8
1 8275
9
1 6622
2 1978
8
1 1167
9
9
2 3267
2 6622
5 16
4 2414
5 15
2 8275
5 22
2 2414
3 910
2 42
8
2 914
6 2973
8
5 12
9
4 8362
3 6063
3 2295
5 8
7 2973
2 8362
6 1167
1 9989
3 2543
9
3 5869
2 213
7 8718
4 8718
5 6
5 14
9
3 5141
8
1 1250
4 2973
7 1167
1 1061
3 9051
3 6225
1 8162
2 8162
8
2 1061
6 1167
3 4156
1 9095
7 2973
1 4739
8
9
4 4739
7 2973
8
7 2973
5 12
7 2973
2 4739
3 6283
7 8718
4 8718
9
6 8718
8
8
5 18
4 2973
2 2973
4 8718
8
6 8718
2 8718
1 159
3 8339
1 1882
9
5 12
4 1167
9
5 13
7 9015
3 3585
7 1167
9
1 7080
1 5899
7 5899
5 6
4 5899
8
6 5899
1 1757
4 5899
4 1167
7 1167
2 1167
2 5899
6 7080
3 7783
9
9
3 1692
7 1250
1 8812
1 5878
4 5878
1 1137
2 5878
3 4483
1 8683
3 1708
1 3549
8
3 5829
9
2 3549
8
7 1137
7 7080
3 489
9
5 17
1 2603
7 2603
3 8198
3 8835
6 7080
2 159
6 7080
1 3117
5 6
2 2603
5 4
9
4 3117
4 1137
4 1137
3 9713
8
5 25
4 224
6 3117
3 203
2 3117
1 8591
1 7880
1 6193
5 15
3 8206
6 6193
1 8908
4 6193
4 6193
2 6193
1 5802
8
6 5802
1 7216
8
9
9
3 1421
2 1137
2 1250
1 9505
3 7824
1 650
8
5 11
7 650
8
2 5802
8
7 1757
8
3 7035
9
3 8455
3 9332
7 7080
5 10
2 7080
9
7 7216
8
2 7216
2 1757
7 224
9
5 15
2 7880
7 8591
2 8591
8
7 8683
4 8683
1 9043
9
4 1882
4 8683
7 8683
7 8683
1 1199
3 2917
7 1882
1 7013
5 11
9
1 7886
7 7013
5 10
4 7013
4 7013
2 7013
8
7 224
2 7886
1 3011
1 3332
7 3011
9
3 1355
7 650
4 8683
7 8683
3 3682
6 3011
4 650
7 8683
6 1882
3 4204
7 3332
1 9421
4 1882
3 563
1 6616
9
2 6616
2 8683
7 3011
5 5
2 650
7 1882
1 9310
4 8812
1 7857
9
1 4257
3 8166
8
7 3011
6 4257
7 3011
2 3011
9
8
7 3332
2 1882
4 4257
3 7949
6 4257
2 7857
3 835
6 224
5 18
3 5078
2 8812
7 4257
5 22
8
9
7 3332
2 8908
9
5 9
8
4 3332
6 1199
3 9739
3 7934
8
7 3332
7 1199
4 9015
5 18
8
4 3332
7 9015
1 5229
5 26
5 13
7 3332
7 4257
1 2293
9
5 13
5 25
7 4257
5 10
6 5229
4 3332
3 7221
2 1199
6 5229
1 5853
9
3 6056
2 2293
4 3332
9
9
4 224
4 3332
9
9
2 3332
5 18
3 3283
3 4867
5 9
3 3088
3 9834
3 6168
2 5229
5 3
2 4257
8
4 5853
7 5853
6 5853
2 5853
2 9015
2 9043
7 9095
7 9095
5 1
9
5 5
5 14
6 9095
4 9095
2 9095
1 5371
6 5371
5 16
2 5371
1 5089
6 5089
1 5943
7 5089
7 5089
9
9
5 5
7 5089
3 1807
2 5089
3 4233
6 5943
5 1
2 5943
1 3267
2 3267
1 8996
3 1668
3 6556
6 8996
2 8996
1 7215
4 7215
5 2
1 4518
5 8
4 4518
5 12
1 1203
9
1 8095
1 7122
7 4518
3 2278
5 19
1 7274
6 7122
6 4518
1 106
5 24
8
9
3 8597
9
9
3 3445
2 4518
5 8
2 7122
2 7215
3 367
8
7 7274
5 2
5 10
2 7274
7 8095
9
4 224
2 1203
5 14
3 5200
8
3 87
5 20
2 8095
8
6 9120
5 19
4 9120
7 9120
7 9120
7 9120
8
5 19
2 9120
1 8482
2 8482
1 3219
4 9152
5 8
1 778
4 3219
1 3259
6 9152
4 3219
3 5644
5 16
2 778
1 2619
3 3910
6 2619
3 4430
1 8695
8
7 2619
4 2619
9
8
8
1 3801
2 8695
5 4
6 2619
4 9152
2 3219
6 2619
9
9
7 9152
4 2619
4 2619
5 10
8
5 16
8
2 3801
4 3259
1 3187
4 9152
7 3187
9
7 9152
7 9152
3 8682
3 8465
9
9
1 9047
5 13
7 9047
1 3945
2 9047
8
3 1424
9
3 8375
3 8854
7 3187
2 2619
2 3945
3 7344
9
7 3187
7 9152
1 1303
4 3187
3 6309
5 15
4 9152
2 9152
7 9215
8
9
7 3187
3 2369
6 9215
8
3 9275
2 3187
5 6
2 3259
1 932
9
8
3 1586
7 9215
4 9215
7 9215
6 9215
6 9215
9
5 13
6 9215
5 1
7 9215
9
1 6689
1 3514
1 1019
7 6689
2 3514
5 15
1 6040
4 932
3 8879
3 4488
1 3905
7 932
1 1665
1 3956
9
1 8403
3 5592
3 7172
6 3905
1 7548
2 3905
6 3956
5 25
8
2 6040
8
6 932
6 3956
4 3956
5 12
1 8352
8
3 7456
9
7 3956
3 2352
6 6689
4 3956
9
8
4 1303
2 3956
7 6689
6 6689
3 4053
7 6689
3 5352
8
1 6720
5 8
2 6689
8
6 932
3 8631
6 6720
8
5 18
7 6720
6 6720
7 6720
3 3912
8
8
7 224
9
6 6720
2 932
2 6720
4 7548
5 8
5 18
5 18
8
4 1303
3 392
8
3 8286
3 8410
8
6 1303
1 7709
3 8709
7 224
4 7548
1 1937
1 974
3 2962
1 5232
9
2 974
9
5 10
1 9770
2 1665
5 26
2 1019
8
4 1303
2 5232
6 1303
7 7548
2 7548
5 10
7 7709
1 9549
4 1303
2 7709
1 5466
3 8943
1 3838
4 224
2 5466
3 3982
9
2 3838
6 8352
2 8352
8
5 13
6 8403
6 1937
2 1303
1 9139
3 3228
9
8
1 4632
1 4907
2 4632
2 4907
3 4841
6 8403
3 889
8
3 1309
3 5883
6 8403
5 11
5 12
4 1937
1 7416
5 9
7 1937
9
6 1937
1 5204
5 10
2 5204
6 1937
3 9052
2 7416
7 1937
5 17
2 1937
6 8403
6 8403
3 6069
4 8403
3 106
5 1
1 1843
3 2518
8
5 22
2 8403
8
4 9139
8
4 9139
1 7906
4 7906
8
2 7906
3 3696
2 9139
2 9215
1 835
8
3 3017
9
6 9310
9
6 835
6 106
2 835
8
5 12
6 9310
5 8
5 14
4 9310
7 1843
1 6007
2 6007
9
8
6 9310
1 7982
6 7982
4 7982
9
2 1843
9
3 3752
3 6462
6 7982
3 2446
6 7982
7 7982
3 1919
5 3
7 7982
1 8170
6 7982
8
9
7 7982
4 7982
7 7982
5 9
7 7982
6 106
6 7982
6 7982
2 7982
6 8170
3 3018
6 8170
1 7838
1 7315
6 7315
5 6
8
7 7315
9
1 4270
6 4270
3 4196
9
8
4 4270
5 5
4 4270
9
8
6 4270
1 2828
8
1 8049
5 13
7 2828
5 10
6 2828
7 7315
8
1 734
7 2828
5 16
8
9
8
1 3398
2 2828
7 3398
3 9612
3 8107
1 4978
3 6090
9
9
9
9
5 14
5 6
8
1 6975
8
3 5244
2 4978
3 5262
4 6975
4 3398
6 734
4 4270
9
6 6975
1 6317
3 8777
6 3398
8
9
7 3398
7 6317
9
1 7163
3 695
3 6856
4 4270
4 734
6 3398
6 3398
1 1344
8
4 3398
1 9942
4 3398
4 3398
1 792
8
8
3 4006
2 3398
6 106
2 6317
1 9129
4 4270
2 4270
6 6975
2 734
6 6975
8
4 6975
8
6 1344
2 6975
3 8751
8
5 7
7 7163
2 792
8
4 7163
5 1
2 7163
7 7315
1 3539
8
1 1267
3 4292
9
5 16
8
1 4719
1 7752
6 7315
3 489
2 3539
2 1267
2 4719
5 15
1 2151
5 4
5 4
4 1344
4 7315
7 7315
9
2 1344
3 2919
9
5 16
2 2151
4 7315
7 7315
8
3 5348
9
4 7315
2 7315
8
2 7752
4 7838
4 7838
3 1290
7 7838
5 17
2 7838
6 8049
7 224
3 1396
6 8049
9
4 8049
2 8049
5 13
8
9
6 8170
8
1 8429
9
5 15
5 2
4 8170
9
1 2319
7 224
2 8170
3 8238
6 2319
2 2319
1 4830
5 16
2 4830
1 4413
6 8429
6 4413
9
7 4413
5 16
3 7945
8
5 19
3 1715
7 4413
7 4413
3 3308
5 7
6 4413
1 4558
7 4413
8
7 4413
8
4 4413
6 8429
1 6182
9
4 4413
2 4413
8
8
2 4558
7 6182
1 5499
1 8194
5 3
9
7 5499
7 5499
2 106
6 5499
2 5499
4 6182
8
3 1281
7 6182
8
6 6182
3 1900
6 6182
4 6182
9
6 6182
9
4 6182
8
9
6 6182
1 8466
6 6182
2 6182
5 19
7 8194
9
1 390
6 8194
2 8194
2 8429
3 9657
4 390
3 5059
2 8466
4 9129
1 635
2 9129
5 4
7 635
9
8
3 8655
1 5573
5 9
6 5573
3 1849
6 5573
3 4188
8
7 5573
3 7172
7 5573
3 9348
2 5573
3 5873
4 9310
4 9310
5 15
6 9310
6 9310
6 9310
6 9310
5 9
1 4645
4 4645
8
1 6451
1 7381
2 224
8
1 2139
5 20
5 13
9
6 4645
4 390
6 2139
8
3 6376
3 204
6 4645
1 2276
1 8912
9
2 2139
4 2276
1 8262
1 9819
3 8355
6 2276
6 635
5 9
5 1
9
9
6 2276
5 22
7 4645
7 4645
2 4645
1 6196
2 2276
6 390
7 635
4 6196
5 8
1 6332
4 6196
4 6196
7 6196
7 6196
2 6196
7 6332
2 6332
4 6451
7 6451
3 5591
9
7 6451
1 6987
6 6451
6 6451
8
5 25
6 390
6 6451
9
7 6451
1 7968
1 3084
5 13
7 3084
3 9872
7 3084
4 390
8
8
1 8264
3 1922
4 3084
5 19
9
9
8
7 6451
9
1 9465
2 6451
5 12
5 18
8
6 390
4 3084
8
7 6987
9
5 14
6 6987
7 6987
9
8
3 8730
1 5492
7 390
2 5492
3 7524
6 6987
4 6987
5 15
5 3
2 3084
5 14
9
8
9
6 6987
3 2185
9
7 635
3 6545
2 6987
3 1732
3 6134
1 8421
9
4 7381
7 7381
7 7381
7 7381
5 12
8
4 7381
6 7381
8
5 15
6 7381
3 9586
6 7381
4 7381
4 7381
6 635
6 7381
5 27
9
7 7381
1 4288
7 7381
6 4288
6 4288
6 635
7 4288
2 390
2 4288
8
4 7381
1 8829
5 3
9
9
1 861
2 635
4 7381
3 6520
9
8
3 6919
3 2049
9
5 24
2 861
3 7941
3 1932
2 7381
2 7968
5 25
6 8262
4 8262
2 8262
4 8264
3 1421
3 6532
9
8
4 8264
8
4 8264
2 8264
3 5576
6 8421
3 770
2 8421
1 4638
5 19
5 3
9
1 826
8
1 8658
1 8367
6 4638
4 4638
9
7 4638
8
2 4638
6 8367
1 1199
1 4547
6 1199
3 8208
2 826
4 1199
7 8367
4 4547
8
1 8731
4 4547
1 8040
1 5641
5 9
7 4547
2 4547
5 6
7 1199
3 8843
3 6950
2 1199
7 5641
5 3
9
1 4833
7 4833
5 11
7 4833
3 8595
3 1186
7 4833
9
7 4833
8
5 26
4 4833
5 18
3 1127
3 3274
2 4833
7 5641
2 5641
4 8040
8
5 11
1 2060
3 860
9
9
1 1598
8
2 1598
2 8040
7 8367
3 6059
3 2720
3 6335
8
9
4 2060
2 8367
1 8938
7 8658
3 8139
5 3
6 8658
5 12
7 8658
9
4 8658
1 8587
5 22
5 3
9
2 8587
8
9
3 863
6 2060
2 8658
1 3576
8
3 3567
5 16
8
2 3576
7 2060
5 20
1 7790
6 7790
9
8
3 1726
5 12
3 7736
1 4147
5 8
7 4147
5 12
4 4147
5 25
1 9186
7 2060
2 2060
9
6 4147
5 2
6 4147
2 7790
6 8731
4 4147
4 4147
5 8
7 4147
8
9
1 487
5 20
2 4147
2 8731
8
3 1614
6 8829
2 8829
1 5848
2 5848
3 7363
2 8912
2 8938
6 9186
9
4 487
9
8
5 6
5 21
8
3 7296
8
6 9186
9
1 8414
5 16
1 6219
9
7 6219
5 21
3 4434
8
4 6219
9
6 6219
1 6696
9
2 6219
2 6696
8
7 487
9
6 8414
5 9
9
8
6 487
1 8179
3 620
9
4 8179
6 8179
5 6
9
3 6464
7 8179
6 8179
1 9551
4 8179
8
7 8179
8
2 8179
9
6 8414
8
5 18
3 868
7 8414
7 8414
1 5425
7 5425
8
6 5425
7 5425
1 117
9
3 4748
1 2401
4 5425
2 5425
5 19
3 3993
6 8414
6 2401
5 10
9
9
4 8414
8
2 2401
8
1 1769
6 1769
5 26
6 1769
6 8414
9
1 1539
9
9
7 1539
1 4859
3 2981
8
1 5945
6 4859
3 5807
3 9859
3 9325
7 4859
3 3634
7 4859
6 4859
1 7604
6 4859
6 1539
6 1539
5 26
8
6 4859
5 9
5 15
7 4859
8
2 1539
9
8
4 5945
7 4859
3 5949
5 6
6 4859
1 4645
1 1131
7 4645
2 4645
1 2553
8
4 4859
7 4859
2 4859
9
6 1131
1 9964
3 8152
2 5945
4 2553
3 7871
1 9506
2 7604
7 1769
6 1131
4 2553
5 12
5 11
8
8
8
7 1131
4 487
3 8001
9
7 8414
2 8414
4 9186
9
7 9186
1 5177
7 5177
6 2553
9
4 1769
4 1131
3 9743
2 5177
5 18
4 1769
4 9186
2 1769
8
8
3 7240
8
2 487
2 2553
2 9186
8
4 9310
9
6 9310
4 9310
8
1 3393
4 9310
7 3393
2 1131
2 9310
1 1366
3 9755
1 9349
3 7067
5 13
1 393
5 23
1 4128
8
6 4128
2 4128
8
9
4 1366
4 3393
1 5355
5 16
4 5355
3 5368
4 1366
4 3393
7 3393
2 3393
3 2064
6 393
8
9
1 854
2 393
8
5 17
8
4 5355
9
5 1
8
3 2338
2 5355
8
2 9326
8
3 3008
5 17
7 9349
9
7 1366
4 9349
1 9802
3 9216
1 1101
8
2 854
4 1101
1 9167
1 4320
5 23
3 9319
9
9
1 8
7 9167
4 1101
8
7 4320
7 4320
5 24
1 248
1 9952
6 4320
9
8
3 5558
2 4320
8
9
7 1366
7 9167
8
3 5603
7 9167
7 9167
4 9167
4 1366
1 2025
5 26
5 21
9
4 9167
9
3 8219
9
3 5788
5 10
3 234
2 9167
4 1101
3 7307
4 9349
3 7826
6 1101
2 1366
5 14
4 9349
2 9349
4 2025
4 9363
5 24
7 9363
9
3 8444
2 9363
5 12
7 2025
1 3099
6 3099
2 2025
4 3099
5 2
8
3 4451
1 1379
1 3528
5 1
8
4 3099
8
6 1101
7 3099
7 1101
5 29
6 9421
6 9421
9
8
6 9421
6 9421
5 24
5 6
8
7 1379
8
7 9421
8
4 3099
1 6485
6 6485
3 4891
5 23
5 13
4 6485
1 7020
6 3099
9
6 1101
5 12
3 3337
2 6485
5 5
5 4
7 7020
2 7020
7 3528
1 6931
4 3099
8
6 6931
2 3099
2 1101
7 248
2 3528
2 6931
5 1
6 9421
8
8
2 1379
7 117
3 7640
8
4 117
8
4 9421
5 15
9
7 9421
6 9421
9
8
8
2 9421
7 9439
6 9439
6 9439
7 9439
3 2990
8
3 7952
8
2 9439
4 9465
3 9480
7 9465
6 9465
7 9465
6 9465
7 9465
9
9
4 9465
1 2656
5 6
3 5081
4 9465
6 2656
7 2656
6 2656
8
7 9465
1 6529
9
1 3106
5 16
7 117
4 6529
3 3237
8
1 329
8
3 475
2 3106
1 4530
9
9
8
8
5 24
9
2 4530
9
9
4 2656
4 6529
5 19
7 2656
2 2656
3 6314
5 21
3 2890
8
4 6529
4 6529
5 16
8
7 6529
2 6529
5 19
4 9465
5 3
4 9465
4 9465
1 9255
1 4644
2 4644
3 7591
3 6230
2 9255
5 17
7 9465
6 9465
4 9465
2 9465
2 9505
2 9506
3 4437
9
8
5 14
6 9549
7 248
9
1 3965
8
8
1 2622
1 2195
5 9
5 6
4 329
1 7512
1 9062
3 7053
5 18
9
2 2195
7 3965
5 9
3 81
2 3965
1 7910
4 7512
3 4712
4 2622
8
7 2622
4 2622
3 683
5 3
1 1967
2 1967
6 2622
4 2622
4 7512
9
5 5
2 7512
7 7910
4 2622
9
1 6536
7 2622
2 6536
3 7829
3 1268
5 9
6 7910
5 17
1 5134
9
7 5134
4 5134
9
8
5 15
4 5134
8
2 2622
4 248
4 5134
6 5134
3 2018
6 5134
6 5134
7 5134
3 4191
1 8397
8
3 7141
5 18
3 7873
1 686
7 5134
2 5134
6 7910
2 7910
2 8397
6 9062
1 1969
4 329
8
4 9062
8
8
2 9062
4 248
3 5761
7 9549
3 5010
1 164
3 1117
7 1969
5 15
8
6 9549
7 686
1 1121
7 9549
6 686
4 329
6 1121
7 9549
9
6 9549
7 9549
7 9549
3 1115
1 6827
4 6827
8
8
2 686
1 9201
2 6827
3 4001
4 1969
5 13
3 5523
5 25
2 9201
3 3200
8
3 7853
8
4 9549
2 1121
5 8
5 15
3 5389
3 4819
1 454
7 9549
5 21
6 248
3 5780
5 21
5 10
4 9549
3 4107
8
4 9549
2 9549
7 1969
6 9551
7 9551
8
8
5 20
4 248
3 4776
5 8
8
2 9551
3 9677
1 5054
1 2795
9
7 5054
1 8943
3 9585
1 6803
1 1780
4 1780
4 329
6 5054
9
1 843
7 5054
2 5054
8
9
7 6803
8
3 6779
2 6803
9
6 454
2 8
7 8943
8
5 23
5 8
5 12
2 2795
8
5 1
3 4119
9
1 3094
8
3 6241
1 1828
9
4 248
5 3
3 5527
2 8943
7 1780
4 1780
6 1969
1 8708
5 22
6 1780
9
5 10
1 1402
1 3068
8
5 11
7 8708
7 8708
2 1780
1 878
2 8708
8
2 9649
9
6 3068
1 9599
9
3 3617
2 3068
5 24
8
1 647
8
3 9914
9
9
8
1 3897
8
3 5120
8
2 117
3 5010
7 3094
5 11
5 4
5 18
3 5213
7 647
3 4878
2 9599
4 9726
1 1242
6 1242
4 9726
8
3 9972
3 921
9
9
9
9
9
5 20
7 3897
1 8308
4 3897
4 8308
3 5041
3 8718
6 3094
2 1828
1 990
3 9204
6 3094
5 19
7 3897
9
9
8
6 8308
9
3 803
4 647
2 3094
2 8308
5 7
7 3897
2 3897
3 9416
6 647
7 9726
2 843
8
4 9726
3 8298
6 9726
2 1969
1 9085
4 454
9
9
7 1242
1 3647
1 1933
1 3908
3 7251
5 2
1 6836
9
5 10
4 3647
3 2925
9
1 8726
4 3647
3 9246
2 3647
5 4
2 3908
5 18
2 6836
4 1933
4 8726
6 164
9
6 8726
2 8726
3 5779
4 9085
8
4 647
2 1933
4 9085
2 9085
6 9726
1 1800
5 13
1 1466
6 248
7 9726
7 1800
5 13
3 5029
8
7 248
8
2 1800
4 1242
7 9726
6 9726
4 9726
7 9726
9
2 9726
1 8679
9
6 1242
7 990
2 1402
2 647
5 20
3 9714
2 8679
1 4402
1 9562
9
2 4402
9
3 6537
1 343
3 4389
5 20
1 441
6 9562
3 9619
4 9562
1 5136
7 5136
4 1242
3 8373
2 5136
6 878
9
1 9992
2 9562
9
4 9742
4 9742
8
5 20
8
3 9556
5 18
9
5 22
7 9742
1 1478
9
5 7
1 9200
2 9200
4 9742
8
2 1242
5 24
4 9742
7 9742
2 9742
7 9770
3 8820
5 5
2 9770
6 878
6 9770
5 2
3 6549
7 9770
6 9770
2 441
8
7 9770
6 9770
2 9770
9
4 9770
2 9770
1 2769
6 878
7 2769
5 19
4 9802
6 878
1 7052
5 18
8
9
9
5 4
1 4577
4 878
9
6 1466
1 6734
3 2409
4 1466
5 2
7 2769
8
7 4577
5 18
6 4577
9
2 4577
2 6734
1 8834
6 7052
1 2876
2 7052
2 2769
7 164
3 720
1 7412
8
5 15
1 7217
3 3470
8
9
6 878
3 9989
5 23
2 1466
4 990
9
1 4329
9
8
9
2 4329
1 1775
4 2876
4 7217
6 7217
4 878
9
5 23
4 7217
1 5301
4 1478
6 5301
5 22
9
2 5301
6 1478
4 7217
5 2
1 8703
5 5
2 164
7 7217
6 7217
5 4
7 7217
4 7217
9
8
6 7217
3 2950
7 454
1 462
5 21
1 6843
7 2876
5 22
5 11
8
6 1775
9
5 21
3 3889
2 990
7 6843
1 6184
4 248
7 6184
1 575
5 25
6 6184
8
4 878
2 2876
4 878
1 101
5 5
9
7 6184
3 7196
4 6184
4 6184
1 2710
5 3
3 6417
3 749
4 6184
2 6184
5 24
5 6
6 6843
3 2755
5 2
2 6843
3 8592
9
7 1478
1 4358
6 4358
9
7 4358
6 7217
4 2710
8
1 1956
6 4358
5 15
9
7 878
3 2066
3 4038
3 486
9
3 8368
8
4 4358
4 878
4 1956
8
6 7217
8
9
6 1775
8
5 9
3 8715
2 2710
6 878
2 4358
1 5010
5 4
2 343
8
4 5010
6 329
2 5010
9
3 8033
5 2
6 1775
4 7217
6 7217
8
8
8
9
4 1775
6 7217
8
5 9
2 454
8
1 1022
2 7217
3 2037
3 9445
2 7412
9
2 8703
9
8
1 7164
4 7164
1 5155
6 5155
3 5533
4 5155
2 5155
4 7164
2 7164
1 6175
2 6175
5 2
7 8834
6 1478
7 8834
1 752
9
1 9725
6 329
9
4 878
8
5 9
7 8834
6 462
6 8834
7 329
5 15
9
3 7675
4 248
8
1 5930
4 5930
7 5930
5 9
1 1244
5 21
9
8
7 1244
5 17
1 3898
8
2 3898
3 5532
2 5930
3 4782
2 8834
6 1956
7 9725
6 329
3 9197
7 1244
4 1775
5 13
5 19
2 9725
5 1
8
4 9802
4 1775
6 1956
1 22
1 1713
6 9802
4 878
7 9802
8
4 9802
7 9802
9
7 9802
1 1426
6 1426
5 9
4 9802
2 878
1 6394
2 1713
7 1478
2 6394
9
3 8686
6 462
3 2472
4 329
7 462
1 5814
8
5 4
5 21
9
4 1775
4 5814
5 6
9
8
9
3 5599
7 1022
4 5814
2 575
3 3217
8
2 5814
9
8
1 4478
7 4478
3 4526
7 1775
4 1956
1 1420
1 7187
1 503
8
6 248
6 4478
6 4478
1 4119
6 1022
6 4119
9
1 1963
6 4119
4 1022
1 6534
3 7622
4 6534
1 1668
4 4478
8
3 4260
3 9224
9
7 6534
7 4119
2 4119
2 4478
2 1956
5 10
4 6534
6 6534
9
2 6534
2 7187
2 1244
8
7 9802
3 7572
8
4 1668
6 752
9
3 6010
4 9802
4 9802
4 9802
1 6727
6 462
3 8450
8
2 6727
8
2 9802
4 9819
1 8622
1 8373
2 8373
4 248
4 1420
2 462
7 1963
8
2 752
4 1668
5 19
6 8622
7 1963
8
3 7914
1 9948
4 8622
5 22
6 1775
2 8622
6 1420
9
8
2 1022
7 9819
1 781
5 11
8
2 1668
8
2 9819
1 1732
8
6 9847
1 322
2 9847
1 2763
4 9935
5 22
6 2763
8
5 15
1 5181
4 322
5 11
8
1 8145
9
6 2763
1 7156
1 6764
7 2763
8
5 12
8
5 24
4 5181
8
7 781
4 1420
8
7 1963
3 9966
2 1732
4 1420
3 178
5 2
6 5181
5 15
1 5845
6 5181
3 5954
1 6001
7 5181
5 11
9
4 2763
7 248
1 8008
9
1 1717
1 8554
2 5181
3 2882
4 1420
6 5845
1 7848
6 5845
5 27
8
8
7 5845
2 781
5 28
4 503
8
3 4143
5 5
2 5845
2 1420
8
5 18
6 101
4 2763
2 1775
5 21
5 19
2 1426
1 2140
1 597
5 2
6 1478
1 3478
8
3 587
1 1406
2 1406
7 6001
5 17
3 5539
4 6001
2 3478
7 597
3 4163
2 6001
1 7107
8
9
1 1000
3 3492
2 1717
9
5 5
1 3728
3 3277
3 2477
7 1963
9
4 248
3 4240
4 1000
8
1 6423
6 1963
1 6978
5 19
1 2483
3 9601
5 31
4 6423
1 3311
7 1963
3 4799
4 6423
6 6423
6 1478
6 6423
9
6 2483
7 3728
8
7 597
2 2763
8
4 6423
5 20
9
5 15
6 6423
6 6423
4 1000
6 1963
7 3311
9
8
8
7 1478
8
6 3311
8
7 3311
7 2483
1 1460
1 5838
4 2483
9
2 1460
9
3 281
4 5838
9
1 1707
8
5 6
2 3311
1 7667
9
6 597
5 24
9
5 30
5 28
2 1963
7 5838
8
5 3
4 2483
6 3728
4 3728
4 5838
8
9
1 9227
8
5 5
6 2140
4 5838
1 4669
3 5057
6 2140
9
6 503
8
3 6148
2 1478
3 9173
9
8
5 7
6 5838
3 1604
2 3728
7 5838
4 2483
5 13
2 2483
4 4669
9
7 248
6 4669
3 8817
5 2
2 4669
8
1 9649
6 5838
8
3 2610
8
2 1707
8
4 5838
4 503
2 5838
6 6423
3 135
6 6423
9
2 6423
1 1156
3 8023
9
4 2140
6 2140
1 2636
7 503
9
2 6764
8
6 1000
4 6978
3 4232
7 248
7 6978
4 6978
5 16
3 6385
3 2569
7 2140
6 2140
7 1000
3 4496
4 2636
7 2140
1 7932
4 6978
5 24
8
9
4 2636
9
9
6 6978
7 6978
8
2 6978
7 2140
4 322
4 1000
9
2 7107
9
2 7156
5 19
4 503
8
2 7667
1 841
4 7848
5 21
8
5 20
3 874
6 1000
2 2140
9
4 2636
8
5 10
3 6480
8
1 6621
4 1000
2 2636
2 6621
8
6 7848
6 7848
5 9
5 7
7 7848
8
9
6 7848
8
2 7848
3 5407
4 7932
7 7932
8
2 7932
7 8008
2 503
5 15
5 18
3 8766
9
7 8008
7 8008
8
1 4489
5 14
8
7 322
6 4489
8
4 4489
7 1156
8
1 131
2 4489
5 20
2 8008
9
3 2671
8
5 19
7 8145
7 8145
4 8145
1 2383
4 8145
4 8145
5 5
6 8145
6 1000
7 8145
6 8145
2 8145
1 3840
8
5 10
2 8554
3 8024
8
7 9227
4 9227
1 7239
3 1083
5 1
3 8915
1 7461
7 7239
3 6691
5 19
5 19
3 87
6 2383
6 3840
4 2383
6 2383
1 7824
5 23
7 2383
9
4 3840
8
7 7239
1 5593
6 1156
4 1000
5 19
9
9
1 8270
8
5 10
5 16
1 3361
3 7194
1 9441
9
9
6 3361
8
7 2383
4 597
4 3361
5 6
2 248
6 3361
6 5593
4 2383
3 654
2 3840
5 3
5 26
1 7996
1 2067
5 25
3 6670
5 5
6 597
1 376
7 1000
4 5593
8
1 89
7 2067
3 3846
8
6 2383
8
1 5333
2 2067
4 5333
6 5333
7 1000
3 1749
8
6 2383
8
2 3361
2 2383
9
7 841
2 5333
5 20
7 5593
9
7 5593
6 5593
2 5593
5 12
4 7239
1 8046
3 565
9
2 7239
7 322
3 1966
9
3 9472
9
7 7461
1 1032
9
7 7461
1 1205
4 7461
3 4273
7 7461
3 9810
6 7461
9
7 7461
7 7461
8
5 6
4 7461
5 28
9
2 7461
4 7824
6 7824
7 7824
1 176
6 7824
2 7824
1 5843
9
3 1450
8
7 5843
6 5843
5 28
4 5843
7 1000
6 376
3 4979
6 322
6 5843
2 5843
1 2681
3 2706
3 5922
9
1 3124
2 2681
4 3124
4 597
4 3124
1 3307
1 3310
5 13
3 1557
8
9
8
2 7996
1 136
6 8046
3 4327
4 3307
4 8046
1 3007
2 8046
1 6147
4 1000
7 3007
6 3007
2 6147
5 20
1 1811
2 1811
7 597
6 3007
5 17
7 1205
6 8270
1 1184
1 3725
2 3007
8
8
9
2 8270
1 8724
3 3280
4 131
6 3124
9
7 3725
9
6 3124
6 3124
2 8724
5 25
6 841
3 1029
9
3 5257
3 5110
2 9227
4 3124
4 322
5 22
8
9
5 23
1 5814
1 8292
9
5 2
6 5814
9
4 3124
7 3124
6 5814
3 1210
5 24
2 3124
4 5814
7 5814
4 5814
5 12
9
1 1229
1 9962
6 3307
4 3307
7 3307
5 25
1 1578
3 7709
1 1498
4 5814
9
3 4644
7 1156
6 3725
4 1156
7 3307
7 3307
2 3307
7 597
4 3310
2 3725
1 8100
1 9213
1 580
2 322
3 3328
2 3310
8
2 5814
6 8100
6 8100
7 1498
5 10
4 1032
8
8
3 1077
4 1000
3 7751
2 8100
2 8292
9
6 1205
3 2131
5 5
3 6914
4 9213
1 9584
3 1864
8
1 5470
1 8640
1 2468
8
9
9
3 8668
5 7
5 11
9
6 5470
9
5 17
3 9880
1 991
5 31
3 929
1 5189
7 5189
1 4590
3 697
9
4 2468
6 89
8
8
8
1 2857
1 3070
8
5 16
3 6355
6 5189
3 3181
7 2468
6 4590
2 4590
4 5189
8
1 618
8
7 5189
5 11
3 4960
5 13
8
3 744
2 5189
5 38
2 5470
3 8165
9
2 1205
3 282
9
8
9
4 2468
3 1793
9
5 37
4 8640
2 8640
9
9
4 3070
7 991
8
8
6 9213
2 2468
4 580
4 176
2 991
5 20
7 9213
8
6 2857
9
3 5468
5 2
2 9213
9
9
6 2857
5 28
7 176
1 7805
2 2857
4 7805
1 245
2 3070
5 10
9
2 1000
5 11
9
5 3
1 2228
8
5 6
2 7805
4 2228
5 21
4 9441
9
3 7801
9
9
6 2228
1 4768
9
5 6
9
8
9
2 2228
5 29
5 28
2 4768
4 580
3 3594
8
9
5 24
7 9441
6 22
6 136
8
4 1498
4 9441
6 841
9
4 1032
2 245
2 9441
7 1498
5 19
1 7471
7 329
7 89
8
3 3368
5 10
8
8
5 27
3 7170
9
5 11
5 8
9
9
4 7471
1 4468
5 22
3 3435
6 4468
5 22
4 7471
9
1 9596
8
9
6 1032
6 1156
8
9
3 4
5 7
2 4468
9
5 30
3 3021
9
6 7471
7 7471
6 7471
6 580
6 7471
6 89
6 7471
2 7471
7 1156
4 9584
8
8
8
6 9584
5 5
6 580
1 8323
7 8323
2 8323
1 9685
3 1477
7 9584
7 9584
9
2 9584
7 9596
8
4 22
5 30
1 2018
8
3 6134
8
9
3 3833
2 2018
8
4 22
6 618
5 15
7 9596
1 6619
8
9
1 7405
4 6619
3 1843
3 5796
3 3832
4 580
5 2
8
2 1156
6 6619
2 1184
8
9
9
3 530
8
9
9
3 6623
5 29
2 89
3 6685
6 6619
8
5 15
5 18
8
2 6619
6 1498
1 1079
8
2 1498
1 6127
8
1 9523
7 6127
2 6127
9
3 6607
3 9439
2 7405
6 9523
4 329
8
8
4 9523
6 9523
6 1079
2 9523
5 21
4 9596
4 9596
4 9596
7 841
7 9596
7 1578
7 9596
7 9596
8
3 4753
9
1 7471
7 7471
8
5 25
2 7471
1 6100
8
2 329
2 841
3 3459
4 6100
8
3 6374
5 7
1 2835
3 9672
1 8452
8
3 7852
9
4 1032
4 6100
1 990
6 6100
6 6100
7 1578
5 9
3 3462
8
2 6100
5 19
3 3076
9
2 8452
8
1 836
6 2835
9
8
4 1578
8
6 2835
7 2835
3 3826
3 4365
1 7590
9
1 793
7 7590
4 1578
4 793
8
6 376
3 9498
4 580
3 2166
9
2 176
2 7590
9
4 9596
2 9596
4 9649
1 2687
8
4 9649
3 2258
9
4 580
2 101
7 793
7 2687
9
4 9649
3 1961
6 1578
4 1578
2 376
3 1543
4 2687
3 590
2 990
8
5 10
6 1229
2 9649
8
8
5 5
6 2687
2 2687
8
1 6291
5 14
5 23
2 6291
9
9
7 836
9
1 6151
7 2835
8
2 6151
8
8
9
5 15
6 9685
8
1 3548
9
5 17
3 6627
3 3491
3 2339
5 22
7 9685
9
3 9687
4 1229
9
4 1032
5 13
6 2835
1 869
3 2713
8
6 580
9
6 1578
1 9913
4 2835
3 4606
3 4939
3 3701
5 14
3 2409
8
6 9685
8
8
1 6579
5 1
2 6579
1 6426
8
9
7 1229
9
9
8
2 580
8
1 8921
7 2835
1 5017
5 17
7 3548
3 4472
6 793
3 2076
3 5896
9
6 1578
4 1578
7 793
8
1 5273
9
8
2 5017
4 2835
6 2835
1 7205
7 793
2 1032
6 793
3 2209
5 8
4 597
1 8735
7 1578
2 2835
8
7 3548
4 3548
1 3447
9
2 3447
1 6560
2 3548
1 7894
1 824
2 5273
4 6426
3 4942
3 1520
2 597
8
1 7029
2 6426
6 6560
3 3682
9
6 6560
3 5937
5 27
9
4 6560
6 6560
2 6560
1 5327
5 24
7 5327
1 1984
4 1578
9
5 24
3 3981
1 6907
7 5327
5 23
4 5327
3 8457
1 2467
1 6861
2 618
4 1984
9
8
1 1162
5 8
7 5327
8
1 7040
1 8731
7 5327
9
4 1578
4 5327
5 15
1 2518
2 2467
1 4581
1 5249
4 5249
8
9
5 7
4 1984
1 738
5 2
7 4581
2 22
8
1 3874
7 3874
3 5027
7 824
3 6293
6 4581
5 27
3 1421
5 25
7 3874
1 6471
1 3601
7 3601
9
6 5249
5 34
9
9
4 2518
4 3874
7 793
1 9650
6 1984
4 1578
7 2518
5 16
3 1555
6 1578
5 32
2 4581
7 1079
4 5249
9
8
3 4400
1 1414
1 4145
3 908
2 5249
2 3601
6 3874
5 11
8
3 2481
6 2518
2 2518
6 3874
1 4004
3 1103
9
7 1414
2 3874
4 1414
6 5327
1 9414
1 6536
4 4004
9
1 7922
4 738
7 1229
1 1474
6 5327
7 4004
8
2 4004
5 12
8
1 48
1 2839
5 23
5 31
8
1 2767
1 2956
6 1079
3 6926
5 44
8
3 3796
7 1414
5 29
1 3018
5 31
4 4145
6 4145
3 7512
8
7 2767
8
6 5327
2 738
4 2767
6 2956
7 5327
1 2482
1 9845
5 17
8
2 793
7 2767
2 824
4 2482
7 131
9
3 5558
3 5366
8
5 9
8
4 4145
6 4145
9
5 44
1 6369
2 1079
2 1984
7 836
1 1628
9
7 4145
1 669
7 836
6 669
8
7 4145
8
1 9290
4 5327
7 1474
8
1 6846
8
4 5327
6 4145
1 3870
5 3
2 3870
5 19
7 1628
1 7140
6 4145
5 49
9
4 669
6 5327
7 5327
6 2482
5 21
8
2 2482
9
9
1 7030
9
6 669
9
8
8
7 1229
7 1162
8
6 2767
2 4145
4 2767
7 48
9
1 8066
6 669
7 2767
9
5 19
4 2767
3 1278
2 5327
5 3
8
1 693
2 1414
8
7 2767
6 6369
8
5 13
7 1162
4 6369
9
3 4692
5 24
1 2786
8
3 5439
6 1474
8
4 2767
6 6369
6 6369
7 6369
1 2068
2 6369
4 669
1 6937
1 2066
7 669
2 6471
2 6536
6 2767
7 1162
8
1 5357
5 6
6 1474
3 2484
6 2767
8
5 4
6 1474
1 9675
3 8898
2 5357
7 131
5 23
9
5 31
2 6846
7 2786
7 6861
9
1 5045
4 1474
7 1578
6 5045
5 6
5 50
6 669
5 31
2 5045
8
5 11
9
6 6861
4 2066
9
3 2017
1 3033
6 1628
9
5 32
5 34
1 1495
4 2066
3 9559
2 6861
9
6 669
5 5
1 4537
6 131
8
4 4537
7 4537
3 2011
6 1474
4 4537
4 6907
3 8564
1 3559
3 3981
2 836
4 1474
6 4537
6 3559
1 5412
9
7 2767
7 4537
3 7823
4 669
1 3994
3 4212
7 3559
2 669
4 5412
7 5412
1 7742
7 131
1 6317
4 693
5 16
3 2972
4 5412
6 3994
4 1578
1 741
4 1162
2 3994
7 869
9
6 2767
3 7344
9
7 2066
8
9
2 2066
2 131
9
4 693
5 39
4 693
8
7 741
8
9
8
3 7458
1 1626
1 7124
9
8
4 2068
5 36
2 2767
6 1162
5 13
5 29
7 2068
1 4397
4 2786
6 2786
1 6830
2 4397
1 6746
8
3 1047
6 2786
6 4537
4 693
6 3559
6 1162
5 36
3 6113
7 869
1 7129
8
8
8
2 3559
2 5412
1 5376
3 9767
9
2 5376
4 136
9
5 34
2 2956
4 693
5 39
4 4537
6 4537
7 6317
5 2
1 8076
1 1292
5 43
4 2786
3 4606
7 869
1 4934
6 1578
5 12
2 4537
3 2494
1 7529
7 1474
2 869
4 2786
1 4819
9
6 4819
9
3 3531
9
1 4883
7 4819
6 4819
3 3370
8
4 4819
5 42
6 4819
8
6 4819
6 2786
8
8
4 4819
9
9
9
4 1162
6 2068
3 4176
9
9
8
9
9
1 5884
2 2786
6 4819
5 57
7 4819
9
7 1628
9
7 4819
4 4819
3 140
2 1292
8
3 5284
9
6 2839
3 7582
4 5884
9
3 6744
2 2839
3 2016
7 4819
2 48
5 19
4 4819
7 3018
8
3 4854
2 1162
5 49
9
2 4819
6 3018
2 1474
5 22
7 4883
8
1 1372
7 1578
8
6 4883
5 27
6 4883
4 3018
2 4883
9
7 3018
6 1229
6 693
5 31
8
5 15
8
3 9471
2 5884
7 4934
2 3018
8
9
9
1 4708
5 14
4 2068
6 693
8
5 29
1 1133
9
9
2 3033
8
5 47
4 4708
9
9
8
5 50
8
3 7998
7 1229
1 8543
6 693
1 4213
6 4213
2 4213
9
2 4708
3 7387
3 8069
2 4934
8
7 6317
3 6742
3 5012
6 136
8
4 1133
2 2068
3 2938
8
4 6317
8
2 6317
9
8
8
7 6746
3 6523
5 9
6 6746
9
4 6746
9
9
7 6746
3 2378
5 18
7 6746
3 1373
6 6746
2 6746
6 6830
6 6830
5 39
3 5297
5 20
9
6 1133
7 6830
2 693
1 1675
7 741
3 2579
3 7479
6 6830
1 2358
6 6830
8
7 6830
4 1133
3 6048
8
9
8
2 6830
2 136
9
8
9
4 6907
1 3477
9
5 44
3 6874
6 1372
8
9
6 6907
7 6907
5 44
5 38
2 6907
8
7 6937
7 2358
7 6937
7 6937
1 4940
5 11
7 3477
9
8
1 4723
1 7691
2 3477
3 7250
4 1133
8
2 4723
8
2 2358
4 1133
7 1626
9
9
5 36
4 1372
7 4940
9
2 4940
4 1626
4 6937
5 15
7 6937
4 6937
1 8412
8
5 40
1 6638
5 27
6 1133
8
3 5240
8
6 1133
3 3428
3 9237
3 5634
9
9
3 419
2 6638
9
5 6
9
6 741
9
5 20
1 8090
1 1660
6 1495
7 6937
3 1611
8
2 6937
6 7029
6 7029
4 7029
5 41
8
9
2 741
8
3 7274
9
6 1133
9
5 18
4 7029
3 3644
7 7029
5 9
1 1745
5 45
8
1 1855
1 354
4 7029
6 1133
8
3 2303
9
5 40
9
3 9979
3 1799
6 7029
8
7 7029
6 7029
4 7029
2 1372
4 1133
4 7029
6 7029
1 5599
7 5599
7 1626
3 7904
6 5599
7 1229
6 5599
7 1855
2 5599
3 4411
5 28
9
8
1 4177
7 4177
4 4177
9
3 5217
5 32
6 1495
5 48
2 1495
6 7029
5 25
5 18
9
7 4177
2 7029
9
6 4177
9
5 21
6 4177
5 3
7 4177
2 1229
1 3350
1 8972
2 1133
5 13
4 354
3 460
5 13
4 4177
4 3350
7 4177
8
4 3350
3 726
4 4177
9
4 3350
4 3350
5 18
3 2877
7 4177
7 1578
9
3 9102
5 1
7 1578
3 8377
5 36
5 24
5 41
6 3350
4 3350
5 16
9
3 150
8
3 7564
1 9503
3 8936
3 1647
1 7380
3 1657
2 4177
4 7030
9
4 3350
4 7030
9
6 1578
4 3350
5 36
7 7030
8
6 7030
1 5987
4 3350
8
6 5987
6 354
6 5987
1 2385
4 1578
1 509
2 5987
2 1578
5 2
7 1626
7 1626
2 509
1 1266
9
4 2385
7 1266
7 7030
4 3350
3 8798
3 9079
3 7357
6 2385
9
9
9
8
4 354
6 7030
6 1266
5 11
6 354
9
6 354
6 7030
6 3350
5 23
8
2 1266
5 33
4 1626
3 9125
2 3350
3 2061
9
8
8
6 1626
2 7030
9
7 7040
9
4 7040
1 8227
2 7040
9
4 1626
1 5236
7 1626
4 1626
6 1626
5 15
6 5236
1 4675
6 1626
8
2 4675
3 160
5 41
7 5236
3 1638
9
9
7 1626
2 5236
1 9171
9
5 42
8
8
9
5 27
9
8
1 4344
7 4344
2 4344
7 7124
2 2385
4 1626
3 3555
9
6 354
2 1626
5 24
8
2 7124
7 7129
7 7129
8
8
9
6 7129
9
8
9
9
3 7115
7 1628
2 7129
3 9477
7 7140
6 1745
4 7140
3 1603
6 7140
7 7140
6 1628
5 32
6 7140
5 39
5 23
9
4 7140
8
9
3 1606
6 7140
6 1628
6 7140
2 7140
2 7205
5 1
5 15
9
8
3 6933
5 23
5 7
3 3193
6 1628
7 7380
3 1724
3 823
2 1628
5 11
7 7380
4 7380
7 1660
3 6228
4 354
3 1457
9
8
8
6 7380
7 1660
4 7380
6 7380
9
4 7380
5 8
7 7380
3 4184
2 7380
8
6 7529
7 1660
1 7802
7 7529
2 1660
4 1675
7 7529
9
5 27
7 7529
7 7529
1 2742
3 1721
1 8279
2 1675
8
6 2742
6 1745
5 3
5 19
7 7529
8
3 7963
9
7 2742
1 5360
4 5360
5 9
2 1745
5 7
5 13
8
5 10
5 8
3 2375
7 5360
7 1855
2 1855
8
5 25
6 5360
7 2742
2 2742
6 5360
1 5581
8
4 5360
1 4554
4 4554
7 4554
1 2943
3 5758
4 2943
9
8
2 4554
4 2943
2 5360
1 1624
3 2872
6 2943
4 5581
8
6 2943
3 8508
5 25
2 354
3 3444
2 1624
6 5581
4 5581
9
2 2943
7 5581
4 5581
5 8
6 5581
7 5581
2 5581
1 8268
4 7529
3 9844
3 2974
7 7529
4 7529
7 7529
5 20
1 3360
5 23
9
6 7529
9
6 3360
4 7529
4 3360
7 7529
6 7529
7 7529
8
9
6 3360
4 3360
1 3413
2 3360
9
1 1721
3 3933
2 3413
6 1721
6 7529
4 7529
8
4 1721
2 1721
2 7529
1 3910
5 15
3 5696
6 3910
5 33
4 3910
2 7691
7 3910
7 3910
3 5955
4 7742
5 21
6 3910
3 209
3 2950
5 20
3 8522
3 2723
9
4 7742
9
7 3910
1 1367
9
4 1367
8
8
8
7 3910
6 3910
5 18
4 3910
9
2 3910
1 3015
4 3015
6 3015
5 31
3 7583
6 3015
8
2 3015
5 25
1 3352
4 3352
1 4904
1 160
7 3352
3 7894
6 4904
5 22
3 3510
4 3352
1 7780
1 450
8
7 450
2 3352
5 28
2 4904
2 7742
3 9434
9
9
9
5 21
4 7780
7 7780
2 7780
5 36
5 36
9
8
7 7802
9
5 8
5 30
3 7111
5 29
3 7759
8
2 7802
8
7 1367
1 7411
8
6 7411
2 160
8
9
4 7411
1 6145
7 6145
1 1638
1 5361
4 5361
4 5361
5 17
1 1356
5 20
6 5361
6 5361
6 5361
9
1 1159
3 9652
5 28
3 8576
9
1 3733
5 31
7 1638
5 8
4 3733
4 3733
1 9294
2 3733
7 5361
7 5361
8
6 5361
7 5361
9
5 8
5 33
1 9058
7 1638
2 5361
7 6145
6 450
2 1159
5 28
6 6145
9
2 1356
8
5 31
8
8
3 6081
3 9512
4 6145
2 6145
1 5766
8
5 2
3 4570
2 5766
7 7411
8
3 1753
9
2 7411
1 6936
5 33
3 9109
2 6936
7 7894
8
2 7894
3 6029
8
6 7922
1 6300
6 6300
5 10
8
8
8
6 6300
9
2 6300
5 19
5 17
6 450
1 7581
9
5 20
8
3 9186
7 7581
4 1367
9
5 3
8
7 1638
8
1 1899
5 35
8
5 38
3 1568
4 7581
8
5 37
3 9441
6 7581
4 7581
8
2 7581
1 7218
4 7218
9
1 1372
7 450
5 25
5 11
9
9
5 35
2 1899
4 450
1 7897
1 8372
2 7218
6 1367
2 7897
7 450
3 4409
5 18
6 7922
1 9897
6 1367
8
7 7922
3 4895
9
4 7922
9
5 39
7 1367
8
2 7922
7 8066
2 8066
9
3 8405
4 8076
7 8076
4 8076
1 2261
5 8
8
7 8076
1 6548
5 8
7 2261
4 6548
1 299
5 9
2 1367
4 1372
7 2261
7 299
9
4 6548
8
2 1372
7 299
9
2 6548
3 948
7 8076
6 8076
7 8076
4 1638
8
5 36
4 450
4 1638
3 9905
1 605
9
7 2261
3 5213
7 1638
9
3 7089
9
3 4260
8
1 3874
5 4
1 5649
6 2261
6 5649
5 30
1 6063
2 3874
5 10
1 6523
7 2261
3 6472
2 5649
1 2950
5 16
3 9435
8
4 2261
6 6063
6 6063
4 2950
3 1902
4 1638
7 6063
2 2950
8
3 9255
7 6063
9
4 6063
2 6063
6 2261
3 8326
5 17
9
4 6523
9
2 299
7 6523
4 450
7 1638
3 3316
2 6523
1 8521
8
4 8076
5 37
1 8243
1 4492
9
5 23
9
9
7 4492
8
8
5 35
9
9
2 2261
6 1638
1 1263
8
2 8076
8
3 1619
3 958
4 450
7 4492
3 8556
5 9
8
2 4492
5 38
7 8090
8
3 98
3 6244
2 1263
7 8090
5 10
1 5447
1 519
8
1 1978
6 5447
5 4
4 5447
3 8579
9
5 22
2 5447
9
7 8090
5 7
9
3 5161
3 2929
2 450
4 8090
2 8090
4 8227
6 8227
3 5370
8
9
9
7 1978
1 1753
3 2037
5 1
3 4532
7 8227
8
9
3 3469
6 1978
6 8227
9
6 8227
2 8227
1 9947
7 8243
4 1638
4 8243
9
4 1638
4 8243
1 1221
8
1 4383
9
9
6 4383
9
2 1978
8
5 5
6 4383
9
7 4383
1 5423
3 6988
2 4383
5 6
8
8
6 5423
1 3822
4 5423
1 5816
5 23
4 5423
1 5985
5 14
6 5423
8
4 519
4 3822
1 4691
7 3822
7 3822
9
2 3822
4 4691
4 4691
7 1753
4 4691
4 1638
4 519
1 6660
9
9
5 36
7 4691
4 4691
2 4691
3 1958
6 5423
8
5 30
3 8205
9
6 1221
7 5423
8
5 35
4 5423
9
8
9
8
1 4857
2 4857
6 5423
5 7
7 519
9
7 1221
6 5423
7 519
4 5423
9
9
8
9
2 5423
9
6 5816
2 5816
5 40
6 5985
1 9355
8
8
6 519
8
1 1173
5 38
5 37
8
9
7 519
5 23
8
2 5985
5 36
9
9
1 8703
6 1173
1 7422
3 5879
4 6660
1 1089
9
7 6660
7 6660
6 1221
3 9048
2 1089
7 6660
9
4 1173
7 1173
9
1 5277
4 5277
5 23
6 605
8
7 5277
8
2 5277
7 1753
1 4593
1 3286
6 519
3 1302
7 1173
8
7 1173
9
6 3286
2 1173
9
5 41
2 3286
5 2
4 4593
3 4951
4 4593
9
1 5691
4 4593
1 7783
3 2917
2 1221
5 28
2 4593
9
8
7 5691
6 5691
8
5 26
2 5691
5 5
1 4687
7 6660
9
4 4687
5 30
4 4687
7 1638
6 1638
4 1638
4 4687
2 4687
6 519
1 3509
2 3509
5 39
5 4
4 1638
4 6660
8
1 2248
1 8545
8
2 1638
5 3
8
1 9977
8
2 6660
8
9
1 1598
8
4 7422
7 1598
3 9755
5 25
2 7422
4 7783
3 4236
7 7783
3 3049
8
4 1598
5 1
2 7783
5 12
8
9
8
3 2859
7 8243
1 7396
8
7 1598
4 1598
8
6 7396
2 7396
4 8243
2 519
3 1213
6 8243
4 8243
4 1598
6 8243
1 5565
4 2248
5 14
5 17
7 605
5 8
3 3934
2 1598
6 5565
4 605
2 1753
7 5565
1 4238
4 4238
7 2248
7 2248
8
5 3
4 4238
1 7622
3 5719
3 1965
2 5565
4 4238
2 4238
7 2248
8
1 5438
3 8577
5 12
7 5438
8
6 5438
5 11
5 4
7 605
9
4 2248
5 14
4 5438
1 2330
3 2122
7 2248
3 6601
6 2248
4 5438
5 5
2 5438
3 9656
5 30
7 2248
8
4 2330
7 7622
5 16
6 2248
7 7622
6 2248
6 7622
8
8
3 2101
6 7622
9
4 7622
4 7622
4 605
2 7622
6 8243
2 605
5 16
4 8243
7 2248
8
9
8
4 8243
8
2 2248
9
6 2330
9
5 33
9
1 7850
8
7 7850
2 7850
6 8243
3 9104
8
2 2330
9
9
9
1 4244
1 1927
3 9263
4 8243
2 4244
1 9332
9
9
6 8243
5 7
1 9016
9
9
3 2413
5 30
7 8243
8
6 8243
4 8243
4 8243
1 6602
7 6602
6 6602
7 1927
7 1927
3 6613
5 36
1 6074
7 1927
9
5 3
8
8
3 7310
8
6 1927
9
8
5 34
5 31
1 4401
2 4401
1 3777
4 6074
2 6074
2 1927
3 8194
8
8
2 3777
3 8591
2 6602
3 7250
2 8243
5 20
5 12
8
2 8268
6 8279
5 6
4 8279
5 19
6 8279
9
5 30
3 8133
8
6 8279
7 8279
7 8279
9
7 8279
7 8279
8
7 8279
3 6510
8
2 8279
7 8372
3 2526
3 4627
7 8372
5 23
9
4 8372
7 8372
4 8372
2 8372
7 8412
1 2402
6 8412
9
7 2402
3 1456
7 2402
9
3 8358
6 8412
2 8412
7 2402
2 8521
1 6472
4 2402
1 9163
2 6472
2 8543
5 25
5 15
5 9
3 4251
1 647
9
3 1501
4 8545
4 8545
4 8545
8
1 8649
5 18
7 8545
9
5 28
5 32
3 4335
2 8545
6 8649
2 2402
5 4
1 3517
9
9
3 5626
1 1929
2 8649
6 1929
8
7 1929
4 3517
7 8703
7 8703
2 8703
6 1929
4 8731
4 647
8
7 8731
6 8731
7 1929
2 1929
2 3517
4 647
7 8731
6 8731
6 8731
4 8731
5 21
3 8210
7 8731
1 4473
8
1 9905
8
1 32
5 10
9
9
8
4 4473
5 27
8
3 9744
3 7194
6 4473
3 7210
4 4473
4 4473
4 4473
8
7 4473
5 25
7 4473
1 8683
5 10
6 4473
7 4473
8
8
4 4473
6 8683
2 647
9
1 6386
9
5 27
6 4473
1 4549
2 4473
6 4549
7 4549
9
6 4549
8
9
4 4549
4 4549
9
8
8
1 2610
5 16
3 869
5 22
3 6024
6 2610
8
7 2610
6 6386
4 2610
4 4549
6 2610
7 4549
4 2610
1 5025
8
3 2332
6 5025
8
3 3782
8
9
4 4549
1 5276
8
2 2610
1 9477
7 4549
3 9605
4 4549
4 5025
5 37
9
5 17
5 9
5 1
4 5025
5 37
3 2017
4 4549
6 4549
8
1 9129
6 4549
1 6384
5 34
1 4676
5 34
8
3 1101
6 4549
2 4549
5 32
4 4676
1 7118
7 4676
5 19
5 18
4 4676
9
7 4676
4 4676
5 3
8
1 2864
9
6 4676
1 9986
2 2864
9
8
8
7 4676
2 4676
7 5025
4 5025
2 5025
8
6 5276
6 5276
1 3518
6 3518
4 3518
5 7
7 3518
5 25
8
7 5276
2 3518
9
9
5 28
7 5276
1 2762
2 2762
2 5276
7 6384
6 6384
5 24
4 6384
5 4
3 7139
7 6384
6 6384
3 3285
1 9327
1 3083
9
8
4 3083
8
3 9633
6 3083
2 6384
8
8
4 6386
1 9161
5 40
9
7 6386
2 6386
8
6 7118
5 28
8
8
5 31
2 7118
8
9
3 1470
9
2 8683
4 8731
6 8731
2 3083
3 3521
8
9
7 8731
3 8394
7 8731
7 8731
5 9
6 8731
3 5836
7 8731
1 7714
2 7714
9
1 3378
3 6159
3 3311
7 8731
2 8731
1 4774
5 33
4 4774
9
7 4774
9
5 33
8
6 3378
3 5351
4 4774
4 4774
5 22
7 8735
5 15
3 8555
7 4774
2 3378
7 4774
5 22
7 4774
6 4774
6 4774
4 4774
8
9
4 4774
2 4774
3 7614
6 8735
7 8735
1 428
9
7 8735
7 8735
8
3 3837
3 2549
6 8735
5 38
2 8735
3 1495
4 8921
2 8921
4 8972
9
4 8972
6 8972
7 8972
6 428
7 428
1 2792
3 310
5 23
8
6 2792
5 30
3 5669
6 32
1 8994
8
1 231
5 23
4 8972
2 2792
8
4 8972
5 38
9
7 8972
6 8972
4 8972
6 8972
3 9764
9
6 8972
2 8972
2 8994
6 9016
8
5 11
6 9016
2 9016
1 6761
1 1538
8
9
7 1538
3 8421
4 6761
8
7 6761
7 428
1 1414
7 6761
9
1 9857
7 1414
5 19
9
6 428
6 6761
3 1761
3 2225
8
3 446
8
5 38
9
7 6761
5 9
5 39
2 428
4 1414
2 6761
9
9
5 10
4 9058
9
7 1414
6 1414
8
2 1414
9
3 5709
4 9058
4 9058
4 9058
6 9058
7 9058
9
5 31
7 1538
5 9
8
7 9058
4 1538
7 9058
7 9058
1 4385
7 1538
3 3051
7 4385
7 4385
2 4385
8
9
1 9354
2 9058
6 1538
1 2366
9
4 9129
9
9
6 9129
9
4 9129
8
7 9129
8
2 1538
4 2366
1 9513
6 9129
6 9129
6 9129
8
7 9129
1 3181
3 5326
1 870
6 3181
8
1 1396
8
2 9129
6 231
8
1 8951
5 31
9
8
2 1396
6 8951
9
8
5 9
1 3816
8
4 2366
6 3181
8
1 6794
6 2366
1 6894
7 3181
8
8
3 5952
2 3181
4 2366
2 3816
2 6794
4 6894
4 870
1 2408
8
3 7462
9
1 6414
3 7262
3 2191
1 9475
5 5
6 231
5 11
9
9
1 9273
8
3 568
8
8
6 2366
7 2366
7 2366
3 6466
8
4 6414
4 2366
2 6414
6 2366
5 23
1 4363
1 5609
3 4637
8
9
8
6 2366
7 2366
8
3 6677
9
6 5609
9
7 5609
6 2366
1 8717
8
6 4363
3 1632
9
2 4363
4 870
7 5609
5 12
9
7 5609
8
8
2 5609
2 6894
7 2366
5 36
1 9507
2 2366
8
2 870
8
3 5360
7 8717
3 2065
4 8717
3 6483
4 8717
1 3396
1 1531
3 6972
5 32
1 6301
5 30
8
8
9
5 27
2 3396
7 2408
9
3 5007
5 16
3 4885
9
7 6301
7 1531
3 7656
7 1531
3 2300
1 8298
9
4 6301
5 42
3 9574
8
1 8316
6 231
5 4
8
3 2141
7 6301
2 1531
3 1050
9
2 6301
7 2408
8
4 8298
9
4 8298
3 6489
7 8298
3 4845
2 8298
7 2408
6 8316
2 8316
8
9
1 5214
3 8345
4 2408
3 3412
3 8960
3 3464
7 5214
7 5214
4 5214
5 3
6 2408
3 268
4 2408
6 2408
6 2408
1 2558
6 2408
2 2408
8
8
5 2
2 2558
9
1 6776
2 5214
8
6 6776
9
7 6776
4 6776
8
9
7 6776
7 6776
2 6776
5 38
1 6662
1 6967
1 1749
9
8
3 5185
6 6662
6 1749
3 3118
1 1168
2 6662
9
9
5 1
8
9
6 6967
9
3 2135
3 6154
6 1168
5 7
9
8
3 3473
3 4755
4 6967
7 6967
4 6967
7 6967
9
3 7234
9
6 6967
8
5 32
3 4174
1 3252
1 62
8
6 6967
3 2431
6 1168
4 3252
3 8123
3 1646
5 30
9
2 6967
1 5962
3 8195
4 1168
5 26
1 1118
7 5962
2 3252
7 5962
5 10
9
4 5962
7 231
6 5962
7 5962
6 1118
5 26
1 7082
7 1118
5 3
5 10
5 42
3 8499
2 5962
5 14
2 1118
3 5549
4 7082
2 62
8
6 7082
7 7082
8
7 7082
6 1168
2 1168
5 39
3 8907
3 2343
6 1749
2 7082
7 1749
6 1749
6 8717
3 3663
8
4 8717
7 1749
9
4 8717
8
7 8717
5 13
3 3869
2 8717
2 8951
7 9161
8
9
7 1749
4 9161
6 9161
7 9161
1 7018
7 7018
4 7018
8
2 32
1 3369
1 9162
3 8020
9
7 7018
5 25
9
2 3369
5 36
1 8970
9
5 27
8
7 7018
6 7018
4 7018
3 41
8
3 6805
4 1749
4 1749
2 7018
7 8970
9
9
4 1749
5 29
9
7 1749
5 17
3 4335
7 8970
9
4 1749
6 1749
1 2467
1 6615
4 6615
1 1972
7 6615
4 1749
1 767
8
5 2
6 6615
5 1
2 6615
5 2
1 1525
9
1 7550
3 530
8
6 767
5 26
2 7550
9
1 8340
5 32
5 5
4 8340
6 8340
5 9
9
4 8340
4 2467
6 1525
7 2467
1 4161
1 6638
5 26
4 231
8
4 4161
4 231
9
6 1525
8
6 2467
7 4161
9
9
7 1525
5 1
1 9912
8
5 13
3 6451
1 6916
4 4161
1 6052
5 26
5 45
4 1525
8
7 4161
3 8808
5 35
9
7 4161
2 2467
8
7 1525
9
9
3 8313
7 4161
6 4161
3 9190
9
5 40
4 1525
2 1525
1 1928
9
6 4161
1 7836
3 8335
5 33
6 4161
9
4 6052
4 6052
2 4161
7 231
4 6052
1 5695
2 5695
2 6052
6 6638
4 6638
8
7 6638
4 231
7 6638
4 6638
6 6638
2 1749
5 21
9
5 36
6 231
8
2 6638
4 6916
4 6916
6 767
2 6916
2 767
1 6539
9
4 1928
4 6539
2 1928
3 1357
1 1580
5 43
7 6539
2 6539
6 7836
4 1972
2 7836
1 866
4 1580
4 1580
1 7920
2 231
5 37
3 9165
7 7920
2 7920
9
1 5330
7 866
9
8
1 1126
7 5330
7 5330
8
3 5707
5 9
9
2 866
8
1 9392
4 5330
2 1126
9
3 9061
1 1698
5 39
9
2 1580
9
2 5330
7 8340
3 4916
7 8340
4 1972
1 8797
4 8340
3 6979
6 1698
7 8340
7 8340
3 3103
5 36
2 1972
1 9445
8
4 8340
2 8340
1 255
1 2589
6 2589
3 4262
7 8797
8
7 8797
9
5 38
9
3 5393
8
4 8797
7 8797
9
9
4 1698
7 1698
5 43
6 8797
6 8797
3 5583
6 1698
3 9300
8
7 255
2 2589
2 8797
6 1698
7 1698
1 789
7 255
1 3472
3 6087
6 789
9
7 8970
2 1698
1 6157
6 3472
6 789
9
6 3472
8
4 789
8
2 789
2 255
9
5 34
9
4 3472
3 2978
6 6157
1 9947
9
5 19
3 9887
5 24
9
3 3064
9
2 3472
4 6157
4 6157
9
6 6157
5 15
2 6157
5 33
6 8970
3 963
9
2 8970
7 9161
7 9161
1 742
6 9161
5 38
6 9161
9
1 9704
6 9161
9
2 9161
6 9162
9
7 9162
9
3 8508
7 9162
9
5 17
2 9162
1 5662
1 1792
8
6 1792
2 5662
5 21
7 9163
4 9163
5 13
6 9163
5 2
1 8890
4 8890
3 545
8
9
6 742
3 4182
5 27
1 3190
1 2198
5 11
1 6124
8
1 7413
6 3190
3 7379
7 3190
4 1792
3 4991
5 36
2 3190
9
3 6453
3 1056
7 742
1 382
8
1 4486
4 4486
3 8733
1 5742
7 4486
9
6 4486
5 28
1 8082
7 1792
4 742
5 27
7 742
8
9
9
6 4486
7 5742
6 4486
9
5 21
9
6 1792
4 4486
2 5742
7 4486
2 1792
9
7 2198
5 5
9
9
2 4486
2 2198
3 4197
7 742
7 742
8
2 6124
7 7413
3 8978
2 382
8
4 7413
7 7413
4 7413
2 7413
6 8082
9
6 8082
2 8082
3 6066
8
4 8890
6 8890
4 742
3 2048
6 8890
7 742
5 3
9
4 8890
5 3
6 8890
9
9
3 9419
6 8890
3 8275
8
9
6 8890
3 7530
4 8890
7 8890
9
2 8890
6 9163
1 1136
2 9163
5 6
9
6 9171
2 9171
4 9273
6 9273
3 8288
8
7 9273
9
8
1 7564
5 17
3 9043
5 25
4 7564
4 7564
9
6 7564
7 7564
2 742
9
4 7564
6 7564
3 4284
6 7564
8
3 8405
1 1552
2 7564
3 9394
9
8
6 9273
4 9273
6 9273
7 1552
4 9273
4 9273
2 9273
7 9290
9
8
5 4
8
8
3 9531
1 5015
8
3 4912
1 3677
8
9
3 9389
9
2 3677
8
3 2030
9
9
4 5015
2 5015
3 5241
5 7
9
8
8
9
6 1136
4 9290
4 1136
4 9290
9
6 9290
5 29
9
7 1136
6 9290
8
6 1136
7 9290
6 1552
6 1136
5 29
3 2826
9
2 1136
3 6057
3 7106
8
9
1 6733
7 6733
8
4 6733
4 6733
7 1552
2 1552
6 6733
4 6733
5 4
8
5 38
4 6733
7 6733
3 2852
3 1676
5 21
1 6350
3 9720
4 6350
1 8917
4 6350
6 6350
4 6350
5 28
8
4 6350
2 6350
6 6733
7 6733
6 6733
3 50
3 2621
4 6733
7 6733
4 6733
4 6733
1 6382
1 791
6 6382
5 5
6 6382
6 6382
1 9532
9
7 6382
9
6 6382
9
6 6382
1 8380
5 36
7 6382
2 6382
6 6733
3 1024
6 6733
3 9156
7 6733
7 6733
1 8323
1 8146
5 25
1 7622
7 6733
5 8
9
6 6733
5 3
1 1724
2 6733
8
6 7622
2 1724
2 7622
3 8227
9
4 791
6 8146
1 4342
4 4342
4 4342
1 6816
1 4105
3 5735
7 6816
8
8
3 953
2 4105
7 4342
6 4342
1 6415
6 791
9
4 4342
3 2883
8
6 6415
7 4342
1 1498
2 4342
9
9
9
7 1498
5 12
7 6415
2 791
9
2 1498
5 10
6 6415
4 6415
4 6415
3 1872
4 6415
1 9549
7 6415
5 41
4 6415
1 3789
3 6411
6 3789
9
3 9290
3 7913
4 3789
7 3789
7 3789
7 3789
9
1 3800
6 3789
9
1 4315
6 3789
5 42
7 3789
2 3789
2 3800
3 3103
2 4315
4 6415
2 6415
1 4193
3 7538
9
7 4193
2 4193
1 5170
9
5 19
1 4515
9
3 7407
5 12
8
8
4 4515
8
9
7 4515
5 9
7 4515
7 4515
6 4515
6 4515
8
8
5 30
1 7321
3 6183
3 9450
1 5215
5 43
4 4515
1 7497
1 6596
9
4 4515
5 42
2 4515
6 5170
3 9515
5 18
5 21
7 5170
4 5170
5 44
6 5170
1 5288
8
8
7 5170
1 8878
3 5966
6 5170
9
2 5170
7 5215
3 3350
8
8
7 5215
9
9
6 5215
4 5215
9
1 1261
2 5215
1 1956
8
1 3572
7 1261
7 1261
4 1261
5 33
5 42
9
6 5288
8
6 3572
7 5288
9
7 5288
6 1261
8
8
2 5288
7 3572
4 6596
2 1956
1 2253
9
4 6596
4 2253
2 3572
2 6596
5 42
6 6816
1 7103
4 6816
1 8804
9
2 1261
3 172
2 2253
6 6816
5 15
2 6816
6 7103
2 7103
1 1296
9
5 47
2 7321
9
8
6 7497
9
2 7497
1 7918
4 7918
7 7918
6 7918
8
5 41
1 1693
9
7 1296
3 2500
5 19
9
6 1296
4 1296
6 7918
7 1693
1 9276
2 7918
6 8146
3 952
7 1296
3 9087
2 8146
8
1 8605
9
3 8157
8
3 3202
1 8358
7 8323
3 4275
9
6 1296
5 40
2 1296
1 3705
8
1 9814
9
3 9262
8
2 1693
4 3705
1 2098
9
4 2098
5 18
1 1092
5 23
5 47
5 38
2 3705
5 8
5 47
8
1 2864
7 1092
7 1092
9
1 9506
2 1092
6 8323
1 7965
7 2864
3 4069
6 2098
6 2098
4 2098
3 6776
2 7965
8
2 8323
1 2216
4 2864
4 8358
2 8358
3 5367
7 2098
1 45
1 5591
1 89
4 5591
2 5591
4 2098
1 9889
7 8380
9
4 2216
9
9
9
7 8380
5 20
5 4
3 7039
9
8
4 2864
6 2098
2 2098
1 2909
9
6 2216
8
4 2216
4 8380
3 4859
1 4864
4 2216
1 1011
4 4864
4 2216
2 4864
7 8380
4 8380
3 3927
8
5 31
1 7803
7 7803
1 5059
6 89
3 8828
9
6 2216
3 4896
2 5059
1 8739
7 1011
1 9215
2 7803
8
2 2216
6 2864
7 8380
4 2864
9
6 2864
8
3 515
2 8380
3 1949
9
7 2864
9
1 428
9
6 8605
6 2864
8
6 2864
8
3 5500
8
5 11
3 8981
2 428
4 1011
8
8
1 8148
3 6901
8
6 8148
3 4815
6 1011
9
3 1555
4 2864
5 49
6 1011
9
1 4039
4 8148
2 2864
9
2 1011
4 8148
9
7 4039
8
6 8148
8
6 2909
8
3 4884
9
1 2193
3 5853
6 4039
5 55
9
3 8874
3 6765
9
9
9
2 4039
5 16
2 2193
5 28
8
4 2909
9
5 35
2 2909
8
8
5 44
1 471
6 8148
5 22
2 8148
6 8605
4 8605
2 8605
5 14
7 89
7 8739
9
4 8739
3 1285
5 20
3 3371
3 1554
3 1805
6 8739
8
6 471
2 8739
5 45
2 8804
3 1142
5 33
5 37
5 20
9
3 9678
9
6 8878
7 8878
6 8878
6 8878
4 8878
8
7 8878
6 8878
7 8878
6 89
9
6 8878
2 8878
8
6 8917
7 471
2 8917
9
7 9215
2 9215
9
3 805
6 9276
4 9276
7 9276
7 9276
8
9
4 9276
1 3189
5 10
8
2 471
2 9276
1 7957
3 977
8
7 7957
9
1 9518
1 4729
7 4729
5 45
2 4729
9
6 7957
4 7957
2 3189
8
6 7957
3 4350
4 7957
3 2743
8
2 7957
8
5 38
9
3 2893
3 9656
3 6162
4 9290
9
9
3 2589
4 9290
1 9724
6 9290
5 26
1 7393
1 1944
3 1389
1 4416
3 2029
1 4058
4 4416
8
5 1
8
7 4058
2 4058
1 5926
9
1 2254
7 1944
6 1944
2 4416
2 5926
6 7393
1 6976
8
3 8537
9
1 7657
3 8946
4 6976
7 6976
5 43
6 6976
8
2 6976
7 1944
2 1944
6 7393
7 2254
8
1 6177
8
8
3 4068
8
9
5 38
1 4686
5 24
9
1 4975
1 7948
1 5539
4 4686
3 7865
3 3760
3 8769
2 4686
1 7265
2 4975
6 2254
6 5539
6 5539
3 8226
6 5539
5 4
9
1 2187
6 5539
7 2187
9
4 5539
7 5539
7 5539
6 5539
1 3648
6 2187
6 5539
1 1427
6 1427
6 3648
5 33
5 27
9
1 1262
3 8189
3 4977
2 5539
1 4936
7 1262
3 1859
4 4936
7 3648
3 7158
2 3648
8
2 2187
7 4936
1 1511
8
5 29
9
7 1262
6 1262
8
2 4936
3 737
6 6177
4 1262
8
8
1 1948
6 6177
2 6177
9
3 3129
2 7265
7 1948
9
5 7
6 7393
4 7393
6 1948
5 11
4 7393
9
9
6 1262
7 7393
3 4363
9
1 5220
7 5220
7 5220
3 3418
1 9120
5 19
7 5220
3 4680
6 1262
4 2254
7 1262
9
2 1262
7 1427
3 8280
5 54
1 8432
7 1427
9
3 651
8
8
1 5786
4 1427
5 44
2 5220
2 5786
8
1 6737
5 21
1 3964
9
7 6737
8
8
5 2
4 3964
5 48
8
7 1427
3 3323
2 6737
7 3964
9
1 5858
8
6 3964
9
6 5858
5 4
2 3964
7 2254
9
5 42
4 5858
4 5858
9
9
5 13
8
7 1427
3 2505
8
8
1 668
2 5858
3 1874
3 6389
5 12
5 38
1 9060
2 7393
4 1427
9
7 7657
7 668
9
5 7
7 7657
8
6 7657
8
1 9067
6 7657
5 14
9
2 7657
1 7669
9
2 2254
5 18
8
3 7401
6 7669
1 6789
5 3
3 5631
8
4 1948
9
8
9
9
7 6789
7 6789
1 9703
7 6789
9
6 6789
5 28
3 8773
6 668
5 7
2 1427
9
5 35
7 6789
3 11
9
2 668
2 1511
6 6789
9
2 1948
3 377
7 6789
6 6789
1 584
5 46
6 6789
3 7727
9
6 6789
7 6789
3 7631
4 6789
9
9
2 6789
3 9340
4 7669
7 7669
6 7669
3 28
8
1 3684
7 7669
3 1658
5 49
6 3684
3 1277
5 28
7 7669
7 3684
3 3032
7 3684
9
1 1010
1 5721
6 5721
2 3684
5 42
6 5721
3 2139
3 9839
2 584
1 8738
1 6287
7 1010
1 4689
3 3933
4 4689
9
5 12
2 4689
4 5721
3 1148
1 4369
9
4 4369
3 4020
4 5721
6 4369
4 4369
8
6 4369
1 979
8
2 979
4 1010
1 1348
1 9842
2 1010
7 5721
5 23
4 1348
8
8
3 3078
8
7 4369
4 4369
8
2 1348
5 50
7 4369
1 8159
8
2 5721
6 89
1 3478
7 6287
8
3 6899
5 34
1 8280
2 3478
5 18
2 4369
9
9
1 4507
8
7 4507
4 4507
5 4
1 9116
1 2978
2 4507
1 1860
6 6287
9
8
7 2978
4 2978
4 1860
5 26
4 1860
1 2658
7 6287
8
1 7387
6 2978
5 47
8
5 32
5 25
5 44
2 1860
6 6287
8
8
5 11
3 2993
4 2658
6 2658
8
6 6287
4 2658
8
6 2658
8
3 2460
3 4366
8
4 6287
5 34
1 9083
5 47
5 12
3 6577
3 447
2 2658
4 6287
6 2978
9
8
4 2978
7 6287
9
5 47
4 2978
7 2978
2 2978
3 1965
6 6287
6 6287
9
7 6287
5 18
1 2572
1 1105
9
8
2 6287
5 29
7 2572
3 1698
7 1105
8
8
1 4361
7 2572
2 4361
7 7387
1 1462
8
9
5 53
8
9
3 7582
4 1105
9
4 7387
6 7387
4 7387
5 32
9
4 1105
4 7387
4 2572
7 7387
3 1407
8
4 7387
7 7387
9
8
4 2572
3 8684
2 7387
1 6506
6 6506
5 31
5 18
7 6506
9
1 1468
8
6 1105
6 2572
3 2829
5 37
7 1462
9
1 2300
3 9077
5 52
4 6506
3 6773
2 6506
2 7669
8
9
8
3 6774
3 8791
4 1462
3 3227
1 9265
5 50
6 2300
8
2 7948
5 27
9
9
9
7 8159
8
2 2300
8
8
8
2 8159
4 8280
4 8280
4 1462
1 2294
7 8280
7 8280
6 2572
7 8280
5 62
1 3684
4 8280
4 8280
1 8830
9
9
4 8280
8
6 8280
5 20
8
7 8280
1 1297
1 2905
8
1 4656
5 12
3 9002
9
5 5
8
2 2905
3 3837
3 2622
9
3 3148
6 3684
1 641
9
4 1297
1 1032
9
9
8
1 5868
5 21
8
6 2572
5 37
1 4491
6 641
4 5868
1 8064
3 7298
1 3804
4 1105
1 3714
4 4491
3 3762
3 6178
3 4119
4 2572
6 3684
1 2810
8
9
5 14
5 52
3 3202
6 2294
7 5868
5 72
8
5 43
4 641
4 4491
8
3 2962
5 66
3 4368
3 3589
9
6 4491
4 641
2 4491
1 2473
4 641
3 9050
4 3684
3 8295
7 1462
3 7888
5 55
4 2810
5 70
1 7695
6 4656
5 21
7 4656
4 1105
6 4656
9
4 2294
2 4656
2 2473
8
7 3684
1 2174
8
5 9
8
9
3 8899
6 1032
2 3714
7 3804
7 2174
8
8
7 3684
6 641
5 32
4 3684
7 2174
8
1 9806
2 3804
6 3684
6 1032
4 641
8
9
8
2 641
9
7 1105
2 1297
1 2686
5 45
7 1032
9
8
2 1032
1 3369
5 59
7 5868
7 1105
5 41
8
4 89
3 4784
7 5868
4 1105
6 1105
9
4 1462
8
7 1105
3 7736
1 2118
8
8
2 1105
4 5868
2 2572
2 5868
3 494
1 2308
6 7695
9
7 7695
5 22
9
5 44
9
4 2118
2 1462
8
3 7773
3 6348
5 58
9
6 1468
6 1468
1 4319
8
9
1 951
2 1468
6 2118
5 45
3 6352
5 71
2 951
5 6
5 12
6 2118
7 4319
1 604
7 604
5 39
9
4 2118
9
8
8
2 2118
3 3211
9
3 3436
2 2174
1 4662
2 4319
8
3 5767
1 6935
2 4662
9
3 2165
8
6 2294
9
2 2294
4 3369
3 9902
4 3369
5 26
8
6 3369
8
8
7 6935
2 2308
8
4 2686
8
9
8
6 2686
7 6935
2 2686
5 59
9
7 2810
4 6935
5 27
5 29
7 3369
2 2810
1 7426
4 3369
1 3099
1 4403
6 4403
6 4403
2 4403
1 2734
1 6882
2 6882
8
2 3099
4 604
7 3369
1 2967
8
6 3684
2 2734
1 157
9
8
9
7 6935
5 7
1 846
7 6935
8
7 2967
8
9
8
2 2967
6 3369
6 6935
1 6032
1 7556
6 846
8
6 604
1 4707
3 5542
5 31
8
2 3369
9
6 3684
2 4707
9
8
2 3684
2 6032
5 25
1 1581
4 45
2 6935
7 7426
1 7580
4 7426
3 7369
7 1581
7 7426
1 8650
2 1581
9
3 5192
7 7426
2 846
8
6 7426
8
6 7426
6 7426
9
3 8084
1 3338
6 7426
6 7426
3 4438
1 1239
3 1351
7 7426
9
1 3495
6 157
6 1239
7 3338
9
3 1061
4 7426
5 14
6 3338
3 2592
2 3338
5 42
3 1059
6 3495
2 1239
2 7426
8
9
6 7556
3 5351
7 3495
9
1 7089
1 7927
9
2 7089
3 1613
9
8
5 61
2 3495
3 1710
1 8147
8
4 7556
7 7556
2 7556
4 7580
7 604
5 66
3 1170
6 7580
8
8
7 7580
1 2397
1 6017
8
1 8940
9
6 2397
3 6080
4 6017
4 604
5 8
4 2397
1 11
6 2397
4 6017
6 604
3 863
7 2397
6 6017
7 604
6 604
8
6 6017
3 4687
5 45
5 49
3 2089
3 3723
3 7802
2 6017
6 7580
3 3671
2 604
9
4 2397
5 24
7 2397
9
9
7 7580
4 2397
8
2 7580
3 8753
8
7 2397
9
8
2 11
6 2397
6 7695
8
8
7 7695
4 7695
6 7695
3 3732
4 2397
1 5961
6 5961
7 5961
5 56
8
5 47
7 2397
8
5 13
3 3799
9
6 5961
6 2397
6 5961
4 2397
9
4 2397
6 5961
9
3 2313
2 5961
2 2397
8
4 7695
1 4057
3 4513
2 4057
8
4 7695
3 6764
8
9
5 5
3 4830
2 7695
8
7 7927
4 7927
7 7927
5 24
3 3158
4 7927
9
9
5 55
6 7927
9
4 7927
2 7927
9
7 8064
9
1 8212
9
5 16
2 8064
5 17
7 157
2 8147
6 8212
9
8
1 1649
8
9
5 1
7 45
7 157
4 89
3 3755
5 64
4 8212
8
4 8212
6 1649
2 8212
7 8280
7 89
3 4209
7 1649
3 7280
1 4056
8
6 1649
3 7253
2 8280
4 4056
2 157
1 5624
4 1649
1 6241
3 1552
8
9
3 146
1 6047
5 56
7 4056
7 1649
5 1
4 4056
1 2369
1 4012
1 64
7 1649
4 5624
9
1 5004
9
1 343
1 2756
5 29
2 5004
5 10
7 5624
2 1649
2 5624
7 2369
4 4012
8
7 2369
5 41
6 6047
4 6047
4 4012
1 2272
3 6406
9
2 6047
4 4012
2 4012
8
5 8
9
3 2426
9
9
6 2272
6 4056
8
5 29
7 2272
8
5 51
3 6129
7 4056
9
3 8533
6 6241
2 6241
8
9
1 6814
2 2272
4 2369
2 4056
1 5026
9
3 9727
7 2369
6 5026
6 5026
4 343
7 5026
9
7 5026
8
2 2369
6 2756
9
3 3170
3 4636
1 5159
9
2 2756
3 8620
4 5026
9
9
3 5775
2 5026
8
3 4017
6 5159
9
4 5159
7 5159
1 6393
6 5159
2 5159
3 3080
1 8439
3 3799
6 6393
2 6393
5 29
1 2896
2 2896
6 6814
2 6814
3 210
6 8432
2 8432
8
5 24
6 343
3 1480
2 8439
8
7 8650
4 8650
7 8650
3 1075
6 8650
4 8650
1 6810
5 36
6 6810
6 6810
8
5 21
5 6
9
5 2
9
7 6810
3 7217
9
8
9
5 59
6 45
7 6810
5 35
4 6810
3 4136
4 6810
2 6810
8
7 8650
1 6415
7 6415
9
4 6415
4 6415
8
4 343
1 1195
1 3497
5 45
8
1 422
8
2 6415
3 2442
8
6 1195
1 6928
9
2 6928
5 6
3 5084
4 3497
1 1485
7 1195
5 29
1 4129
9
2 8650
6 3497
3 6807
3 8523
4 3497
3 2514
9
2 8738
3 9049
4 1195
4 3497
8
2 1195
1 3426
5 25
2 4129
2 3426
8
7 3497
2 8830
7 3497
3 9573
1 1217
3 7545
9
4 3497
8
7 3497
7 3497
7 3497
9
7 422
3 4158
4 8940
5 41
6 8940
9
9
6 1217
8
9
8
6 8940
6 8940
8
2 1217
3 7374
2 3497
5 14
6 8940
8
2 422
3 5955
8
5 21
8
1 4313
1 2997
4 1485
5 19
7 8940
4 2997
9
1 5098
7 2997
2 2997
2 4313
8
6 1485
1 9106
2 5098
7 1485
2 8940
3 8447
7 9060
2 9060
1 1616
7 9067
3 1123
9
3 5773
7 1485
7 9067
2 9067
9
4 1485
7 1616
6 9083
9
3 5144
5 33
7 9083
5 43
9
5 10
2 9083
4 9106
6 9106
1 4143
7 9106
5 29
9
7 343
9
6 1485
1 6443
1 7138
5 35
2 6443
4 7138
6 1485
1 5281
5 29
8
1 5054
9
7 4143
8
4 4143
4 4143
7 4143
9
3 6467
6 1485
6 4143
8
3 5226
5 3
4 4143
3 7065
2 1485
2 4143
4 5054
6 1616
7 5054
7 5054
4 5054
1 6424
