100
1 63
1 30
1 1
1 31
1 8
1 6
1 98
1 19
1 17
1 53
1 76
1 79
1 39
1 72
1 62
1 10
1 87
1 92
1 13
1 90
6 30
5 20
4 6
2 30
1 89
8
4 39
4 19
7 39
6 31
9
1 66
2 17
4 31
8
1 37
5 10
9
4 19
4 19
1 52
6 10
8
9
5 14
8
9
4 1
1 2
6 6
5 6
6 19
2 31
5 10
1 65
8
2 52
2 19
1 91
1 16
1 50
7 39
9
5 11
7 8
9
7 37
2 50
8
8
5 8
1 25
2 53
1 22
6 39
8
8
2 2
3 43
4 13
8
8
9
6 62
4 8
9
2 6
7 62
5 16
5 14
9
4 22
9
5 1
5 11
6 37
5 3
9
3 99
9
