10000
1 4329
1 6281
1 6177
1 8887
1 6798
1 9938
1 742
1 7842
1 4272
1 4306
1 5112
1 9910
1 9193
1 9986
1 8477
1 6817
1 5913
1 7852
1 1825
1 7922
9
3 4935
8
2 1825
1 1281
4 742
9
2 4272
1 1926
7 4306
6 4306
4 4306
6 4306
1 9476
3 9050
2 5112
5 4
2 4306
1 194
6 1926
1 5057
4 1281
7 4329
5 1
4 5057
9
4 1926
9
8
1 4626
4 4329
1 6215
1 5469
5 18
7 5057
5 13
7 1926
2 4329
9
6 4626
2 4626
4 1926
4 5057
7 5057
2 5057
8
2 5469
9
5 15
2 5913
1 1243
8
2 6177
1 3169
7 742
4 3169
6 6215
2 3169
1 4104
6 6215
3 968
6 1243
1 5864
9
1 8589
8
2 1926
8
7 1243
9
9
9
8
7 1243
1 4175
4 4104
1 1028
8
6 1028
9
7 4104
2 742
2 4104
6 4175
4 194
2 4175
3 6925
5 5
5 7
5 8
5 4
6 1028
3 7585
9
8
2 194
1 3235
3 3742
3 541
4 1243
1 9492
8
4 5864
2 3235
6 5864
3 9103
8
7 1243
9
9
9
8
9
1 1950
2 5864
1 8066
6 1243
6 6215
2 1950
1 5868
6 5868
2 5868
4 1028
3 2896
5 8
3 6816
5 7
1 3069
7 3069
8
8
9
3 8627
2 1243
7 6215
2 3069
1 3941
8
3 5936
1 9680
4 1281
8
2 3941
4 6215
8
1 4892
6 4892
7 4892
6 4892
6 4892
7 4892
5 10
1 9775
8
3 3987
8
7 4892
8
5 13
1 6687
5 1
1 1096
9
1 6042
8
4 4892
7 4892
9
9
8
5 23
5 22
7 4892
3 7403
7 4892
4 4892
8
2 1028
3 8876
6 1096
8
2 4892
5 8
6 6042
9
8
9
1 3068
9
9
8
6 3068
1 1828
2 6042
4 1281
5 21
4 1096
6 6215
1 8743
1 1538
2 6215
2 6281
2 1096
9
7 3068
4 1281
6 1281
8
9
9
5 21
7 6687
8
1 8000
1 794
6 1538
3 3344
7 6687
3 7153
3 7650
8
7 1828
2 3068
5 23
5 3
2 1281
6 6687
1 9317
7 6687
9
8
6 1538
6 794
5 1
3 128
8
6 6687
9
8
9
6 1538
7 1538
5 6
1 5155
9
2 794
5 10
6 5155
8
7 5155
1 6675
4 5155
6 5155
7 5155
3 8165
3 5392
9
6 1538
5 6
2 5155
2 6675
6 1538
3 4933
2 1538
9
8
8
3 9379
1 1499
1 4379
9
6 1499
4 1499
4 4379
9
7 4379
8
9
7 4379
8
9
7 6687
4 4379
6 4379
2 1499
5 16
7 4379
7 1828
2 4379
8
4 6687
2 6687
3 1059
9
1 9536
1 4427
9
5 21
8
4 1828
1 5796
6 4427
8
5 3
2 1828
7 4427
6 4427
7 4427
3 7149
9
3 7638
5 12
5 15
5 22
7 4427
8
3 2759
9
1 5912
4 4427
8
6 4427
1 8049
6 4427
6 4427
6 4427
2 4427
3 1902
5 1
6 5796
7 5796
2 5796
9
6 5912
9
6 5912
7 5912
3 631
2 5912
8
8
2 6798
5 12
2 6817
2 7842
1 1481
5 8
7 7852
4 7852
5 1
3 3260
3 9802
7 7852
7 7852
8
7 7852
9
7 7852
5 6
8
9
3 1657
3 8582
2 1481
1 3228
8
4 3228
4 3228
7 3228
8
9
5 4
7 3228
4 7852
6 3228
2 3228
1 751
2 7852
1 4631
3 3252
5 3
7 4631
7 4631
1 4793
5 7
7 4631
6 7922
4 4631
4 4631
9
1 5180
4 4631
2 5180
9
4 4631
6 4631
4 4631
3 7452
6 4631
8
7 4631
7 4631
3 7026
5 7
3 8479
7 4631
8
7 4631
8
9
5 10
2 4631
1 11
9
1 2816
5 11
7 2816
8
8
1 9998
2 2816
1 1603
5 21
9
1 7280
4 7280
5 14
6 4793
2 751
2 1603
9
9
3 906
8
8
1 480
4 4793
4 4793
4 4793
2 4793
2 480
8
1 7916
2 7280
5 20
9
6 7916
9
1 2528
8
7 7916
3 8030
3 7963
4 2528
2 7916
9
7 7922
4 2528
9
8
1 3673
3 8196
3 3982
2 7922
6 2528
6 8000
8
6 2528
5 6
6 8000
7 2528
2 3673
5 8
3 1631
7 2528
4 8000
1 860
4 8000
2 8000
2 2528
1 1347
3 7044
8
5 13
2 8049
1 4017
1 5219
7 4017
4 4017
7 4017
8
7 1347
3 7822
7 5219
8
5 16
6 4017
1 4409
1 9037
9
3 5916
9
4 4017
6 4017
8
8
3 5982
6 5219
6 860
4 5219
1 7934
1 9160
4 1347
8
9
3 7026
3 1335
5 16
3 7234
7 4409
4 1347
5 4
2 4409
5 18
7 860
2 5219
4 4017
4 4017
3 8309
5 13
8
4 4017
7 4017
7 7934
1 868
1 240
2 860
5 16
6 868
8
2 4017
7 7934
9
6 7934
9
3 1121
8
8
9
3 7564
5 1
3 1585
6 7934
5 14
4 7934
5 15
7 240
5 4
1 431
3 994
6 7934
5 16
9
1 2371
8
6 7934
2 7934
4 240
3 4241
5 9
7 8066
2 8066
3 4677
3 316
7 8477
4 8477
8
3 3759
6 240
1 8528
7 868
9
5 9
6 8477
9
9
9
7 8477
1 8800
7 8477
1 9128
9
1 5550
2 868
8
9
1 216
8
4 1347
1 3328
7 5550
7 3328
1 9955
2 1347
3 1322
4 5550
4 2371
2 431
7 3328
4 5550
5 19
6 5550
3 5443
8
4 5550
9
1 7698
7 2371
9
2 3328
1 3188
8
9
1 8245
4 3188
7 2371
5 14
8
2 2371
4 3188
8
8
9
8
8
5 25
3 2031
5 3
3 3041
9
6 3188
4 5550
3 8640
4 216
6 3188
2 3188
8
3 5379
4 5550
2 5550
8
4 7698
1 736
4 7698
9
1 7769
4 7698
7 736
6 736
4 7698
2 7698
8
8
6 7769
2 7769
6 8245
1 507
6 736
2 8245
5 21
1 6857
5 16
5 16
5 3
1 3927
8
4 216
3 9677
3 485
8
3 9099
2 3927
3 8705
8
9
9
9
2 6857
8
7 216
6 216
3 8420
8
8
6 8477
1 5978
8
3 4879
3 2736
8
7 5978
5 15
2 5978
1 7310
9
6 507
8
4 7310
4 7310
6 7310
2 7310
5 20
1 7837
5 2
9
1 7734
6 7734
2 7734
7 7837
5 2
4 7837
3 5403
1 7726
2 7726
4 7837
5 23
6 7837
9
6 7837
1 9576
6 7837
2 7837
8
4 8477
1 4722
3 3146
3 5887
6 4722
8
6 4722
6 4722
7 4722
3 7381
9
4 4722
9
1 7592
9
4 4722
6 4722
8
5 12
5 17
5 1
7 4722
5 29
3 3166
6 507
1 8002
2 4722
5 11
9
7 7592
6 736
2 7592
2 8002
5 3
8
7 8477
7 8477
3 2416
6 8477
9
2 8477
3 998
2 8528
9
9
3 6503
5 5
6 216
4 8589
9
2 8589
6 8743
5 17
1 3120
6 3120
4 507
9
6 3120
1 6375
5 17
1 3204
3 5361
6 3120
3 1473
7 216
3 7497
8
2 3120
3 9981
2 3204
4 6375
9
1 3728
5 8
2 3728
1 8420
6 6375
8
1 410
5 6
7 6375
7 736
2 6375
1 4433
9
1 1948
1 968
9
9
4 8420
1 9139
7 1948
9
8
1 7710
2 1948
9
5 26
4 4433
3 4645
5 29
6 4433
4 4433
8
8
5 26
9
3 907
4 4433
9
7 4433
7 4433
9
7 4433
4 4433
1 7366
9
2 4433
9
3 5832
6 7366
3 4149
4 7366
8
9
6 7366
3 143
5 28
9
8
1 2941
7 2941
9
6 2941
9
8
8
5 13
1 4997
6 4997
9
9
4 4997
2 216
6 4997
9
7 2941
4 507
5 10
8
5 14
1 7394
9
3 4828
9
4 4997
7 2941
4 4997
9
4 4997
3 2822
4 2941
3 7954
3 7535
8
9
7 507
3 2833
2 4997
8
4 736
4 2941
6 2941
9
7 2941
8
2 2941
6 7366
9
2 7366
3 9602
8
4 7394
1 7056
1 4276
6 7056
3 4125
1 9971
2 4276
3 2829
2 7056
7 7394
3 787
3 9239
7 7394
1 5610
6 5610
5 6
8
3 3019
3 7801
9
7 5610
4 5610
3 8347
9
5 16
5 10
6 5610
7 5610
4 5610
2 5610
2 410
5 11
1 705
1 4353
3 3480
6 7394
1 1692
5 18
6 1692
6 4353
4 1692
4 7394
7 4353
1 6620
6 6620
5 23
6 4353
7 4353
2 4353
3 4189
3 1120
8
9
4 968
8
1 7932
7 705
9
3 9223
8
8
8
5 25
6 240
1 1501
8
9
9
1 4890
4 4890
1 6534
2 4890
5 33
5 7
2 6534
6 968
8
5 4
9
1 1327
6 6620
6 6620
4 1327
6 6620
4 6620
5 5
3 8758
7 6620
6 6620
1 3431
7 6620
9
7 3431
4 3431
5 16
8
1 3966
3 3755
2 3431
6 3966
1 9174
7 240
2 3966
7 6620
3 7350
3 9075
5 35
4 6620
6 1327
8
6 1327
1 3270
7 3270
1 6996
7 507
8
5 10
5 38
2 1501
1 170
2 240
8
8
9
7 6620
8
6 3270
2 3270
4 6620
8
6 1692
2 6620
5 3
1 7198
6 6996
9
7 6996
9
1 1637
1 3471
6 6996
4 6996
2 6996
8
4 705
2 3471
5 5
9
8
5 11
4 507
8
8
9
2 7198
8
7 7394
6 7394
5 22
1 9282
6 7394
6 7394
9
2 7394
5 32
9
3 5589
8
2 7710
8
8
6 7932
4 507
9
7 7932
4 170
5 10
8
8
1 6490
7 507
9
5 24
8
7 6490
2 507
5 7
2 1327
9
2 6490
8
9
5 7
2 1637
8
2 7932
4 8420
5 30
8
3 4377
5 25
7 705
2 705
2 8420
5 10
5 14
8
6 8743
2 8743
4 736
7 8800
4 8800
6 8800
2 8800
2 8887
4 736
8
2 9037
3 9057
3 4912
3 3595
2 9128
9
5 12
9
7 9139
8
5 7
7 9139
4 9139
2 736
2 9139
6 9160
9
4 9160
4 1692
3 7240
9
2 9160
3 6472
8
6 9174
7 968
6 9174
6 9174
2 968
1 8729
9
3 9050
2 8729
1 1740
8
5 10
7 9174
9
6 9174
8
6 9174
5 19
8
1 2111
5 18
7 2111
1 9069
8
9
6 2111
6 9069
5 20
9
4 9069
8
8
1 7756
3 7335
3 1260
3 573
5 21
1 8550
2 7756
6 8550
8
6 170
5 8
8
4 8550
6 8550
5 23
3 9374
9
6 8550
8
5 15
4 8550
2 1692
8
7 1740
7 8550
8
1 407
4 8550
9
9
2 8550
3 3776
6 407
3 1054
7 9069
6 9069
5 10
9
4 2111
7 9069
1 4072
7 1740
4 9069
5 21
6 9069
6 4072
7 4072
1 9933
6 9069
3 8935
3 9450
9
1 8852
3 7830
3 6832
9
9
3 8717
8
5 5
1 1736
9
8
7 4072
7 2111
6 1736
1 502
8
8
2 4072
1 2934
1 4520
8
8
1 5828
4 5828
5 13
8
4 4520
4 4520
4 5828
9
5 2
6 2934
1 8307
9
7 2934
5 1
5 13
9
5 13
3 4186
1 274
8
1 4241
9
5 26
2 1736
9
3 6170
2 5828
2 1740
9
1 6620
4 2111
4 2934
7 2111
6 407
6 2111
1 3706
9
9
7 407
3 4661
6 2111
7 4241
1 6291
3 5780
2 274
7 407
4 4241
6 2111
5 10
1 3243
6 2111
9
6 3706
2 2111
1 1961
5 29
8
7 1961
4 3243
5 23
5 8
2 1961
2 2934
1 6721
7 407
4 3243
1 7755
3 2533
2 6291
7 3243
3 4568
6 3243
8
8
7 3243
7 3706
8
3 5480
1 5526
9
6 3706
3 5818
7 3706
7 3706
6 3243
7 3243
1 6973
4 3243
7 3243
5 10
2 3243
2 4241
4 3706
3 5641
2 3706
1 1672
8
6 4520
2 1672
6 4520
1 9994
3 789
1 9609
9
3 7659
4 5526
6 170
5 29
8
1 8034
4 4520
6 4520
1 808
5 1
5 16
9
6 4520
7 5526
1 7531
9
9
1 9149
5 32
3 9303
1 8019
1 9093
6 5526
4 4520
2 4520
1 4327
8
4 4327
5 9
5 20
7 4327
4 4327
6 4327
8
4 4327
5 38
6 4327
2 4327
2 407
2 5526
9
5 16
4 502
4 6620
5 8
4 6620
2 6620
3 4156
1 4941
8
6 4941
9
3 7105
1 6304
9
1 7920
6 502
9
5 1
1 4800
4 4800
2 4800
7 4941
7 4941
5 21
6 4941
6 4941
8
9
4 4941
1 9118
1 492
3 3437
3 1043
9
5 7
7 4941
1 5130
6 4941
9
6 4941
5 28
5 16
2 492
9
6 4941
5 33
7 808
3 1863
3 3440
1 340
2 4941
1 7454
1 8694
1 4681
4 502
6 4681
7 4681
8
3 6290
1 7999
4 4681
9
3 2329
6 5130
1 6568
9
8
3 1243
3 6602
7 808
3 502
2 4681
6 5130
9
7 5130
9
2 5130
3 7126
3 2895
1 9130
1 2436
4 6304
1 272
7 2436
6 6304
1 8617
5 13
1 5529
9
9
1 3812
5 48
2 3812
7 5529
8
1 6375
5 23
7 5529
9
9
4 5529
9
3 6909
1 4640
6 2436
6 4640
5 49
6 2436
9
7 4640
9
3 369
8
4 5529
2 2436
4 4640
7 4640
8
9
7 4640
2 4640
3 6881
7 502
7 5529
8
8
4 5529
4 5529
2 5529
6 6304
5 35
8
4 808
8
8
8
4 6304
6 808
2 6304
5 11
6 6375
4 6375
8
5 17
2 6375
6 6568
5 44
9
6 6568
5 13
5 43
9
7 6568
4 170
7 6568
8
4 6568
1 1612
9
8
4 6568
4 1612
2 6568
3 2626
4 6721
3 9692
8
3 6487
6 6721
7 1612
6 808
4 1612
8
2 1612
6 808
6 6721
7 6721
3 3990
5 9
8
4 6721
2 6721
2 6973
5 10
3 9813
3 2232
1 2729
8
2 2729
5 34
9
1 8275
8
5 13
4 7454
8
9
6 7454
3 3453
9
8
4 7454
6 7454
8
9
9
6 7454
4 808
4 7454
5 24
5 19
6 7454
2 7454
6 7531
3 691
7 7531
9
4 7531
3 6566
1 1462
3 9391
6 7531
5 19
1 3212
5 27
7 7531
9
2 502
4 7531
2 7531
1 3731
7 3212
4 3212
2 3212
4 3731
2 808
4 7755
7 7755
3 5661
1 6960
7 170
8
9
9
4 1462
3 9815
1 2068
1 8006
8
5 5
8
7 3731
1 9074
3 7571
6 6960
3 2664
5 10
4 3731
5 21
1 327
5 30
5 28
8
3 1134
4 3731
8
6 2068
5 31
4 1462
9
8
5 32
8
8
2 3731
1 2567
4 1462
4 272
5 6
7 6960
1 4119
9
3 7166
5 11
9
9
1 9069
8
6 340
8
6 4119
7 4119
7 6960
4 4119
3 437
8
6 1462
6 6960
6 340
7 1462
2 2068
5 36
7 2567
5 43
3 6190
1 9987
5 5
7 4119
2 1462
3 1806
7 2567
2 2567
5 16
2 4119
9
9
7 6960
7 170
8
6 6960
2 6960
2 7755
3 9910
6 7920
1 8666
9
4 7920
2 7920
8
2 170
7 7999
6 7999
2 327
2 7999
2 8006
5 27
9
8
1 69
4 272
7 8019
7 8019
8
3 6188
6 8019
3 4882
6 8019
9
9
9
9
3 1698
1 1661
9
5 23
9
1 5821
6 1661
6 5821
2 5821
6 1661
4 1661
1 5224
7 1661
2 5224
5 37
9
9
3 9730
4 1661
3 2958
7 8019
1 6532
4 6532
2 1661
5 25
5 24
7 6532
1 7145
7 272
1 5249
1 3647
1 3074
7 3074
4 3074
6 3074
4 3074
6 5249
2 5249
5 5
4 3074
5 1
7 3074
4 3647
6 3074
4 3074
7 6532
5 12
9
2 6532
1 575
4 340
6 3074
2 272
8
5 39
5 6
7 3074
4 3074
2 3647
2 3074
9
7 7145
2 7145
3 8732
5 26
8
9
8
1 9540
1 6169
3 320
9
6 6169
7 6169
6 6169
4 6169
8
6 6169
7 6169
4 6169
3 5380
2 6169
7 8019
2 8019
3 6738
6 8034
5 7
4 8034
2 8034
7 575
8
5 4
5 12
6 8275
6 8275
2 8275
3 8365
8
9
7 8307
9
5 20
9
9
8
3 4787
8
8
7 8307
3 6366
5 23
1 2851
3 7639
4 2851
2 340
9
7 2851
8
5 28
7 2851
4 8307
4 69
1 8623
9
9
1 1696
9
6 8307
7 2851
3 7602
2 575
5 8
8
7 8307
2 1696
8
8
8
3 1329
1 5532
2 5532
7 8307
8
5 12
4 8307
6 8307
3 9306
4 2851
4 8307
4 2851
1 7610
6 2851
8
9
3 8421
6 2851
4 2851
2 2851
1 4042
1 4540
8
5 17
7 4042
5 23
3 8066
2 4042
5 18
9
6 4540
2 4540
1 4893
6 4893
3 159
8
7 4893
5 6
7 4893
6 4893
6 4893
7 4893
7 4893
8
6 4893
1 7629
3 5598
3 467
4 4893
2 4893
1 5449
5 35
5 2
7 5449
5 8
1 6194
6 5449
3 5549
3 7443
1 541
8
9
5 7
3 4341
5 7
3 6133
8
1 2411
1 5960
3 7203
8
7 5449
1 9247
5 34
4 2411
3 3031
7 5449
2 2411
9
9
5 40
9
8
6 5449
5 1
2 5449
5 23
8
2 541
3 8225
1 2453
9
4 69
5 22
8
3 2619
8
6 5960
1 4193
7 2453
3 1870
4 4193
3 4016
4 2453
5 25
8
9
6 2453
8
3 5262
5 6
6 5960
7 2453
9
7 4193
7 2453
3 7576
9
2 2453
6 4193
4 4193
1 8574
5 40
8
1 7686
6 4193
9
9
2 4193
4 5960
1 4359
4 4359
9
2 4359
2 69
2 5960
9
2 6194
3 5399
7 7610
7 7610
6 7610
5 3
7 7610
7 7610
9
3 2853
7 7610
6 7610
8
9
3 1278
2 7610
1 57
9
6 7629
1 5807
3 7139
9
2 5807
3 6511
3 9004
3 4273
1 8317
8
9
7 7629
8
9
3 3526
7 7629
6 7629
2 7629
3 7376
7 7686
4 7686
7 7686
7 7686
6 7686
9
2 7686
4 8307
6 8307
8
4 8307
5 25
3 7905
1 6328
6 6328
1 3939
8
7 3939
3 5182
5 31
4 3939
3 3803
7 3939
8
8
1 3172
2 6328
4 3172
5 12
6 3939
3 9324
8
8
4 8307
9
3 127
7 8307
4 3172
8
2 3172
4 3939
6 3939
4 3939
7 3939
8
3 95
6 3939
1 7865
9
2 3939
3 9017
5 24
2 7865
9
1 2341
3 9245
8
3 8592
9
2 8307
9
6 8317
7 2341
5 7
5 29
2 2341
9
7 8317
1 3848
2 8317
5 11
9
6 3848
2 8574
7 8617
1 8240
1 9758
4 8240
2 8240
1 9960
1 6357
8
6 3848
3 1653
3 2575
2 3848
5 4
9
7 6357
8
3 6531
4 6357
3 8057
6 6357
2 6357
2 8617
9
3 2573
2 8623
7 8666
1 429
2 8666
3 6709
3 3368
2 8694
5 6
3 7610
7 429
7 429
1 1034
8
4 8852
6 8852
5 28
1 8527
6 8527
6 8527
5 4
8
8
7 8527
9
1 1312
5 10
4 8527
6 8527
4 8527
5 7
9
6 1034
9
3 7006
2 429
1 6590
2 6590
7 8527
2 1034
1 5080
2 1312
9
7 5080
9
7 5080
2 5080
2 8527
8
6 8852
4 8852
4 8852
5 19
2 8852
8
3 174
8
7 9069
5 29
4 9069
9
4 9069
3 1800
3 8712
1 7310
3 481
3 1299
8
6 7310
2 7310
3 2422
1 1492
3 2220
9
2 9069
3 6424
9
3 5137
5 27
9
3 6179
9
3 1542
1 9866
2 9069
8
9
7 9074
1 7895
6 7895
7 7895
5 27
6 1492
8
4 7895
1 6345
6 6345
2 1492
7 6345
5 9
2 6345
7 7895
1 7247
1 5859
3 1530
4 5859
4 5859
9
3 3565
2 5859
2 7247
6 7895
9
1 8348
1 5587
6 5587
8
1 3247
2 5587
7 3247
2 3247
4 7895
2 7895
2 8348
9
3 8230
4 9074
4 9074
3 1327
3 5321
6 9074
2 9074
9
3 7263
1 5516
6 5516
3 3468
1 4544
2 4544
7 5516
5 10
7 5516
3 405
3 4667
2 5516
5 23
2 9093
8
8
7 9118
6 9118
5 26
2 9118
6 9130
2 9130
1 9262
6 57
8
2 9149
9
7 9174
9
5 16
3 5117
3 562
7 9174
6 9174
2 9174
7 9193
6 9193
7 9193
3 271
9
3 9773
2 9193
7 9247
9
2 9247
3 5986
2 9262
8
4 9282
9
2 9282
9
3 8117
7 9317
8
6 9317
9
3 1811
2 9317
8
3 469
9
1 1469
3 1646
6 1469
9
8
9
2 57
9
3 5509
2 9476
1 9125
3 9891
6 9125
8
5 4
7 9125
5 10
8
6 9125
2 9125
4 9492
6 9492
9
5 2
7 1469
5 14
7 9492
3 2925
4 9492
6 9492
3 167
3 9382
2 9492
7 9536
9
9
3 9653
6 9536
9
9
5 20
5 16
8
2 9536
1 2393
5 13
3 1444
1 9496
8
4 9496
2 9496
1 1298
5 15
7 9540
6 9540
5 1
1 326
3 3624
9
4 9540
5 17
9
4 9540
1 8031
7 8031
2 2393
3 5445
6 8031
7 1298
3 4285
3 5213
8
1 358
6 8031
9
5 4
5 15
6 8031
2 8031
6 9540
7 9540
6 9540
2 9540
7 9576
1 3136
3 2525
3 4557
4 9576
9
4 9576
6 3136
3 9324
4 9576
6 9576
6 3136
3 2579
7 326
8
3 9842
4 1298
8
6 9576
2 1298
7 1469
3 7066
1 5390
6 5390
4 3136
1 3403
9
6 5390
5 21
4 5390
6 3136
2 3136
6 1469
4 3403
1 785
1 2131
6 785
7 3403
6 3403
1 4473
9
1 4167
6 1469
5 22
3 6821
8
1 6322
7 5390
4 3403
6 3403
4 1469
9
3 6601
3 259
6 4167
6 4167
1 1184
3 5362
8
8
6 326
9
6 5390
5 3
4 1184
6 2131
3 197
1 9959
7 1469
5 15
7 785
2 2131
8
9
9
5 3
1 6757
9
9
2 4167
7 3403
7 3403
7 4473
1 1913
4 4473
7 1469
9
3 5818
9
7 4473
8
3 3522
4 3403
2 3403
4 358
4 4473
9
9
7 4473
9
8
3 2728
7 1913
6 1913
3 5937
7 4473
7 1469
5 1
1 128
1 230
9
5 14
1 9692
2 5390
9
1 186
3 8580
7 4473
9
6 4473
1 5031
9
7 5031
8
2 4473
4 1469
8
7 1184
7 230
5 23
6 5031
6 5031
9
9
5 10
3 891
1 7755
4 5031
2 1913
6 1469
3 2437
3 2825
4 5031
2 1184
9
9
3 6405
9
9
3 9402
7 5031
1 9244
1 581
2 5031
6 6322
7 6322
6 6322
5 23
2 6322
9
2 1469
4 6757
2 6757
9
7 581
6 7755
5 27
2 7755
7 9244
6 9244
8
1 7048
4 7048
1 4586
2 7048
7 4586
1 1798
6 1798
1 341
3 4034
2 9244
9
7 785
6 4586
7 4586
3 4037
8
7 1798
5 20
2 4586
9
4 9576
9
4 9576
5 10
7 9576
9
5 1
2 9576
2 9609
1 8788
9
8
9
5 3
4 1798
3 8623
9
8
7 581
2 8788
5 3
9
7 9680
1 2994
8
5 18
1 8149
7 8149
4 1798
5 18
6 785
9
1 1437
5 3
4 2994
1 4868
1 770
6 4868
7 581
3 9502
9
5 20
9
7 1437
9
8
8
6 128
9
7 4868
3 822
7 2994
8
4 1798
5 23
6 4868
7 2994
2 2994
6 4868
2 1798
1 859
8
9
8
5 1
7 1437
8
8
1 5255
5 9
6 186
9
3 1113
7 4868
3 4369
8
7 4868
5 14
8
2 1437
7 128
3 3469
7 4868
3 1464
6 4868
4 4868
9
6 4868
4 4868
4 4868
8
6 4868
6 4868
1 5253
9
7 859
9
9
2 4868
3 9886
3 3358
8
4 5253
6 5253
6 5253
5 6
6 5253
6 5253
4 5253
6 5253
4 5253
6 5253
4 770
7 5253
9
9
8
9
7 5253
4 5253
7 581
8
5 24
1 1603
9
5 22
4 341
4 5253
3 7374
3 6816
4 5253
1 743
7 1603
5 26
7 5253
7 5253
5 12
6 5253
7 5253
7 5253
2 5253
4 743
3 8028
1 1109
3 65
3 610
6 5255
1 118
3 9199
4 5255
2 1603
8
8
8
3 7798
6 5255
1 5830
7 859
3 4987
1 3339
9
2 358
6 5255
7 5255
7 5255
5 2
6 326
3 781
2 743
6 3339
3 3016
2 5255
3 4534
1 6848
7 3339
2 3339
1 7699
6 1109
1 6151
5 25
9
2 5830
9
9
3 3871
2 6151
1 608
8
9
8
2 581
3 211
3 1450
2 6848
3 4987
6 7699
5 25
8
9
8
2 7699
9
4 8149
8
7 1109
4 8149
9
1 7231
6 7231
9
3 2704
6 7231
8
9
6 7231
7 7231
6 7231
9
2 7231
5 12
3 6268
4 8149
6 1109
5 25
4 8149
7 8149
4 8149
3 2206
5 20
7 859
1 8309
6 8149
7 8149
5 12
5 30
4 8149
4 8149
4 8149
8
1 5406
4 1109
7 5406
4 5406
5 16
2 608
1 4775
3 8686
9
7 4775
6 4775
2 4775
4 5406
4 5406
5 29
1 575
1 9821
3 9848
2 5406
1 9129
8
2 8149
3 5863
3 2791
1 4315
9
3 8469
3 3320
3 6734
5 12
4 8309
2 4315
8
9
4 575
1 5310
2 1109
6 5310
8
8
8
5 7
8
3 2992
3 8830
5 17
5 6
7 5310
7 5310
8
7 5310
3 3243
6 5310
5 8
5 30
9
8
7 5310
8
4 5310
4 5310
5 29
7 5310
6 11
5 29
3 5232
1 7816
2 5310
6 7816
8
1 4410
3 5926
2 575
9
3 2905
5 2
1 6030
3 6762
9
3 5874
6 4410
6 4410
8
8
7 118
3 1202
6 770
8
6 6030
8
3 9625
4 4410
9
9
5 28
2 4410
2 6030
5 5
4 7816
7 7816
1 3731
3 5739
1 6669
2 3731
4 6669
2 770
1 7037
2 859
3 852
1 7767
9
2 6669
9
9
3 6470
8
6 7037
5 6
4 7037
6 785
9
8
6 7037
8
7 7037
4 7037
6 7037
1 7188
2 7037
7 7188
2 7188
2 7767
4 7816
1 4650
1 3087
3 6630
4 4650
3 7656
4 118
5 21
8
4 785
7 4650
9
2 3087
6 4650
2 4650
9
9
9
2 785
9
5 11
3 5410
8
1 3270
8
8
2 7816
9
4 3270
3 4869
7 8309
5 15
8
7 3270
3 6650
4 3270
2 3270
5 4
7 8309
5 20
5 1
5 3
5 13
2 326
9
7 8309
4 8309
9
7 8309
1 8020
1 4458
1 2190
5 6
1 4242
4 2190
1 7247
6 4242
4 2190
7 2190
4 4242
5 6
8
6 4242
4 7247
7 4242
7 4242
5 3
3 818
1 1197
8
7 4242
1 1413
9
3 9945
6 1197
7 4242
7 4242
1 4077
7 230
5 10
8
8
4 7247
3 6613
4 2190
3 7724
5 1
6 11
7 7247
6 4077
6 4077
4 4458
1 3513
9
2 4458
4 3513
3 5247
2 7247
5 16
3 2143
6 1197
5 32
1 8060
1 3338
2 1413
3 4520
7 3338
3 1129
2 4077
5 2
9
6 1197
2 1197
3 2998
6 118
7 2190
3 9565
9
8
2 2190
1 3880
7 3338
6 8020
3 6372
6 3338
7 3338
1 7544
3 7897
7 3338
6 341
7 3338
3 1901
8
8
1 5590
1 8353
1 5389
8
5 18
2 3338
2 3513
3 1230
3 2090
8
5 10
3 8856
8
8
2 3880
1 6838
2 4242
8
5 13
8
1 9909
8
9
2 5389
6 5590
5 17
6 5590
5 27
6 5590
4 5590
9
7 5590
6 5590
9
8
5 4
9
4 5590
3 4730
3 2145
7 5590
2 5590
7 6838
8
2 6838
5 10
7 341
2 7544
5 7
7 8020
4 8020
3 1077
4 8020
7 8020
1 9755
7 8020
9
8
8
8
5 4
5 19
1 4183
6 4183
7 4183
9
6 4183
4 4183
8
5 18
5 9
2 4183
2 8020
8
5 29
5 10
8
4 8060
4 8060
4 8060
3 7666
7 8060
9
5 23
6 8060
1 6662
1 4518
5 5
3 4240
9
5 5
2 4518
7 6662
8
7 6662
8
9
9
9
5 14
6 6662
8
1 6854
4 6662
3 9614
8
6 6662
2 6662
5 7
2 6854
7 8060
4 8060
1 2966
4 2966
3 775
7 8060
3 5439
9
1 8247
4 8060
2 2966
7 8060
4 8060
1 1590
2 1590
4 8060
5 11
6 8060
1 36
8
1 525
1 2967
2 8060
7 8247
9
2 8247
5 8
8
1 860
2 860
3 6216
5 23
2 36
3 3167
8
7 186
8
9
5 20
3 3027
1 1366
7 2967
2 2967
4 525
8
7 8309
5 25
4 8309
7 8309
3 3712
3 9621
4 1366
9
7 8309
2 8309
9
2 8353
4 9129
7 1366
3 1646
4 9129
7 341
7 9129
3 4851
8
9
4 9129
9
4 9129
3 5739
4 1366
6 186
5 20
1 1045
2 9129
9
2 9680
9
6 9692
7 525
3 150
4 341
4 9692
9
5 10
7 9692
2 1045
4 9692
3 2711
8
2 9692
5 17
8
6 9755
4 9755
7 9755
1 9924
2 9755
7 9758
8
6 9758
1 2354
5 19
1 9971
8
7 9758
7 2354
3 6179
7 2354
4 9758
6 9758
6 9758
1 9853
3 9787
4 2354
6 9758
9
1 6988
5 10
2 6988
3 5941
3 4115
8
2 9758
7 9775
6 9775
4 118
3 1316
3 4475
8
8
4 9775
5 13
1 8469
5 11
6 525
1 2683
4 2354
3 3507
4 2354
8
5 25
2 525
8
8
9
9
7 2683
4 2354
7 2683
1 4158
2 2354
2 1366
9
6 2683
3 942
7 4158
3 822
4 118
4 2683
6 8469
2 2683
2 4158
3 8490
4 8469
9
8
8
4 8469
5 12
8
8
6 8469
9
5 6
8
4 8469
9
4 8469
6 8469
9
9
5 5
7 8469
3 1032
9
8
1 9128
3 5177
4 8469
1 9316
5 15
5 27
3 8658
7 8469
8
7 341
7 8469
7 8469
7 8469
8
1 1178
5 1
6 8469
2 8469
5 25
5 1
1 7074
5 22
4 7074
4 1178
1 9068
1 5291
2 5291
6 7074
1 1123
5 16
3 1771
6 7074
4 7074
3 9796
4 7074
5 7
7 7074
9
3 4797
6 7074
8
5 8
4 7074
3 4141
8
4 7074
7 7074
2 7074
5 25
6 9068
8
4 9068
2 9068
9
8
5 26
8
6 9128
4 1123
8
5 25
4 1123
9
9
8
5 28
6 9128
7 9128
9
5 23
7 9128
8
3 8266
3 2624
8
7 9128
2 1123
9
1 3301
9
3 4619
1 5286
9
8
3 1033
5 14
7 3301
6 3301
7 1178
5 6
4 5286
1 1079
6 5286
8
4 5286
7 5286
6 5286
8
3 8037
2 3301
2 1079
7 5286
6 5286
4 5286
7 5286
4 341
8
9
1 7115
2 5286
8
7 1178
3 6573
4 7115
7 1178
6 7115
2 7115
8
5 9
7 9128
8
3 6662
9
1 158
4 9128
1 5892
4 5892
5 13
4 5892
8
8
5 17
7 1178
8
5 8
4 5892
6 1178
1 2941
8
5 29
5 19
8
8
6 5892
6 1178
2 2941
5 10
8
8
7 341
9
2 5892
7 9128
4 9128
1 6869
7 6869
4 6869
4 6869
2 6869
8
8
3 8463
2 9128
8
4 1178
2 9316
6 9775
9
5 3
5 23
5 26
7 118
8
5 18
7 9775
2 9775
2 9821
6 9853
5 23
5 24
7 9853
8
7 9853
4 9853
6 1178
1 8320
4 8320
3 203
5 8
8
1 3079
6 118
5 14
4 8320
3 2183
3 6868
5 15
5 10
1 2637
3 7442
4 8320
2 1178
7 2637
8
1 7412
7 3079
4 2637
5 1
4 7412
3 415
3 6387
8
5 12
7 7412
6 2637
5 20
2 7412
4 8320
3 3675
8
1 6643
3 6265
9
3 491
1 552
4 3079
7 2637
5 17
5 11
6 118
9
5 8
9
9
3 1506
1 8426
4 2637
7 6643
6 2637
9
8
5 14
3 829
7 6643
4 6643
4 3079
9
8
7 6643
2 2637
1 1510
8
3 8728
3 4820
7 6643
1 3401
9
1 8069
8
7 1510
6 6643
5 9
7 6643
7 1510
6 1510
9
7 1510
7 552
5 24
5 30
1 5980
3 1800
5 25
1 8947
2 3079
3 2636
5 12
6 3401
9
4 3401
9
6 1510
9
9
5 31
8
4 3401
1 9021
8
8
6 1510
7 3401
1 3353
7 3353
9
1 5779
3 1938
9
1 3764
9
1 2869
5 29
2 3353
7 3401
9
9
2 5779
2 341
3 4820
9
8
5 11
7 2869
6 5980
9
6 5980
9
8
7 5980
1 8425
3 259
9
8
2 5980
5 29
9
4 3401
6 1510
6 1510
3 7802
1 4838
5 10
1 6451
3 5091
1 1048
3 5535
3 9696
6 3764
5 14
4 552
4 552
9
4 1048
2 2869
6 4838
6 552
6 3401
8
8
3 8041
1 9234
1 1517
8
9
5 26
2 3401
9
4 1048
5 11
3 2837
9
6 4838
4 1048
7 4838
7 4838
1 4399
6 3764
6 1510
9
6 552
8
5 22
7 3764
1 138
2 3764
9
7 4399
5 17
2 6451
6 4399
5 27
7 552
9
8
6 4399
9
3 2327
7 4399
2 4399
5 27
7 1510
5 14
2 4838
5 14
3 6676
7 1048
3 2240
4 6643
7 6643
3 3354
9
7 1510
8
8
7 186
9
3 2817
3 2324
9
3 2593
6 6643
5 18
6 6643
9
2 1048
6 6643
1 2673
5 27
6 2673
5 15
6 552
7 1510
7 6643
3 786
9
6 6643
2 118
7 1510
9
1 1849
4 6643
9
3 1931
2 6643
8
5 8
2 1510
9
4 8069
1 5690
1 6438
9
4 5690
3 3637
6 5690
5 31
1 587
9
2 5690
6 6438
1 3563
8
9
3 479
9
4 6438
4 6438
3 6683
7 2673
3 1344
6 6438
7 186
8
4 3563
8
9
6 1517
2 6438
4 128
6 1517
7 1517
2 3563
3 9623
3 4703
5 23
2 552
4 8069
4 128
4 2673
8
9
7 1517
6 1517
8
4 8069
5 12
2 2673
7 186
4 8069
2 8069
4 8320
3 2399
1 4521
7 186
5 21
4 4521
2 4521
9
9
5 28
9
7 587
8
3 7708
4 8320
5 14
9
9
7 587
4 8320
9
9
9
3 4525
4 8320
8
2 1517
6 8320
5 23
3 7536
7 8320
6 8320
2 587
6 8320
6 8320
7 1849
3 5156
1 9899
7 8320
6 1849
6 8320
3 3264
4 1849
9
4 8320
9
5 12
5 5
2 8320
8
5 11
8
3 4174
7 8425
8
6 8425
4 8425
1 3945
4 1849
5 4
5 16
6 3945
7 8425
7 1849
2 3945
9
8
4 1849
2 8425
6 8426
5 22
4 1849
4 1849
8
6 8426
6 1849
5 21
2 1849
4 8426
3 7564
4 8426
5 16
9
6 8426
6 8426
6 8426
7 8426
6 8426
4 8426
8
9
7 8426
8
7 8426
9
6 8426
6 8426
1 5340
9
3 6224
1 9237
7 230
2 230
4 5340
5 10
2 5340
3 8233
3 9485
8
4 8426
5 13
4 8426
8
3 2120
3 1048
8
7 8426
3 6720
2 8426
3 7676
8
4 8947
7 8947
3 2345
4 8947
2 8947
2 9021
9
8
9
5 15
2 9234
4 9237
5 14
8
6 9237
1 8940
5 7
2 8940
6 9237
2 9237
5 18
1 7958
7 7958
8
7 7958
2 7958
5 19
8
9
4 9853
6 9853
3 8444
7 9853
6 9853
8
4 9853
9
8
9
4 9853
9
1 9038
5 3
3 461
8
3 9789
3 9016
5 21
1 702
8
6 128
4 702
6 702
6 9038
9
4 9038
2 9038
5 22
5 2
8
9
7 9853
7 702
4 9853
5 5
3 8498
5 7
1 2228
7 2228
7 9853
3 2613
7 9853
3 3439
6 9853
7 2228
9
2 9853
8
2 9866
5 2
2 9899
8
9
5 8
8
8
3 1268
1 7296
9
7 7296
9
2 7296
2 702
8
7 9909
7 9909
5 7
2 9909
1 7109
4 2228
8
9
1 5495
6 5495
3 892
1 5312
6 2228
1 9577
3 388
7 2228
6 5312
6 5312
8
1 602
9
1 8926
9
8
6 5312
5 21
7 5312
2 186
6 5312
9
5 23
7 2228
8
7 5312
4 602
4 5312
3 7460
2 2228
4 5312
5 11
9
6 5312
9
6 5312
8
5 6
9
7 5312
6 5312
7 5312
1 654
1 1982
7 5312
7 5312
5 13
1 7086
1 5159
3 518
2 5159
6 1982
6 602
8
9
9
7 5312
4 1982
4 1982
9
3 825
8
1 8468
3 1814
1 2668
4 654
4 5312
9
9
6 2668
7 1982
4 602
5 26
8
9
2 5312
8
6 5495
7 5495
7 2668
7 602
5 6
7 5495
9
8
6 5495
7 5495
8
1 5067
4 602
1 4517
8
7 5067
4 1982
6 602
3 1119
5 16
8
3 4727
7 602
1 2979
5 30
2 4517
2 2668
8
2 5067
7 2979
2 2979
6 1982
1 7557
7 5495
5 22
1 2056
9
2 5495
7 7086
8
1 5745
8
8
5 8
8
6 1982
8
1 6696
8
9
9
8
2 5745
8
3 3248
3 7014
2 1982
5 23
6 6696
8
2 6696
3 5596
3 659
7 2056
6 2056
8
3 4340
5 13
8
2 2056
3 3168
7 654
3 3798
1 1087
9
2 7086
5 3
6 7109
4 602
5 19
5 24
2 602
6 7109
5 13
6 7109
1 6054
8
2 6054
8
3 9638
5 21
4 7109
3 9752
9
4 7109
4 7109
1 4761
7 4761
8
2 4761
4 7109
9
7 7109
2 1087
5 12
5 19
1 5896
3 1797
6 5896
9
2 5896
8
4 654
1 4591
3 6895
3 2238
2 4591
7 7109
8
3 514
4 7109
5 11
6 7109
4 7109
7 7109
7 7109
9
7 7109
5 9
9
6 7109
7 654
7 7109
2 7109
2 7557
6 11
1 8643
6 8468
5 12
3 82
7 8468
7 8468
2 8468
7 8643
4 8643
9
8
4 8643
3 3572
7 8643
5 19
7 8643
9
9
7 8643
4 8643
7 8643
3 4319
2 8643
2 8926
1 7318
8
8
5 20
5 12
5 17
4 7318
7 7318
2 7318
1 4865
3 326
4 4865
4 4865
9
1 5157
9
7 4865
2 4865
6 5157
3 1139
1 1156
4 1156
5 4
6 5157
7 5157
2 654
1 245
8
6 5157
6 5157
2 5157
8
3 3187
2 9577
1 4022
4 1156
9
7 1156
7 4022
7 4022
9
6 138
3 6871
6 4022
9
8
6 4022
9
3 9447
5 18
9
5 5
1 4527
4 1156
5 17
2 1156
5 18
9
7 128
7 4022
2 158
1 6620
6 4022
7 4527
3 5765
3 6660
8
8
2 4022
1 8184
6 4527
8
2 4527
1 1112
8
3 9139
3 290
3 2741
3 4672
4 6620
1 460
3 37
5 14
8
5 17
5 20
6 6620
6 1112
5 12
9
4 6620
4 6620
8
3 5097
4 6620
9
1 4487
7 460
6 4487
5 13
8
1 9773
5 17
1 3665
4 3665
6 3665
6 3665
2 6620
8
7 4487
2 3665
2 4487
6 1112
5 18
6 1112
1 1895
7 8184
2 8184
7 9773
3 682
8
7 1112
5 18
3 7744
1 7787
1 6734
6 1112
1 1486
5 2
9
9
7 6734
5 24
3 3631
7 6734
1 4651
8
5 25
3 4394
4 1112
4 4651
6 4651
6 245
9
9
6 245
1 7448
7 1112
4 6734
2 4651
9
8
7 1895
7 1112
9
8
2 6734
6 7448
3 4942
7 7448
4 460
7 7448
7 7448
3 5328
1 6401
1 7603
1 5664
6 1486
4 1895
4 1112
6 460
8
1 1894
1 5245
4 1894
2 1894
9
3 1035
9
2 5245
4 5664
8
4 128
4 1486
6 245
7 5664
7 5664
2 5664
7 6401
4 1486
9
4 6401
6 11
8
3 5522
7 6401
2 1486
2 6401
8
6 1112
4 1112
1 8680
1 7746
9
3 3171
7 7448
6 245
4 1895
7 7448
9
5 11
1 49
6 7448
1 321
9
6 7448
7 7448
4 7448
1 4265
3 4865
8
2 4265
2 7448
4 7603
9
5 15
2 7603
6 7746
2 128
5 2
1 8063
5 1
9
9
6 1895
6 7746
2 7746
3 8896
5 17
7 49
6 7787
5 8
2 7787
9
6 8063
3 373
1 269
8
2 8063
7 8680
5 1
3 2363
3 8367
6 8680
5 13
3 183
1 5082
3 7704
9
7 5082
6 1895
3 1552
9
6 460
1 514
4 5082
3 468
2 49
4 5082
4 1895
2 5082
2 8680
4 9773
5 7
8
4 9773
7 9773
4 1895
9
5 19
4 1895
5 3
6 9773
8
2 9773
3 1600
1 4067
5 18
5 10
7 1112
8
7 9910
8
2 1112
8
8
4 4067
6 1895
3 2236
1 2167
8
3 1634
4 4067
8
3 1356
6 4067
9
7 4067
6 9910
8
4 1895
4 4067
7 9910
9
9
6 4067
6 4067
5 23
2 4067
9
8
4 9910
4 9910
2 1895
9
9
4 9910
2 9910
3 5338
2 460
1 2063
5 6
3 5338
4 9924
1 5018
2 5018
8
5 2
2 9924
1 9668
9
2 2063
1 4658
4 2167
6 2167
8
3 3431
7 2167
2 4658
1 9732
7 2167
6 11
7 9668
5 19
7 9668
9
8
5 9
9
6 9668
8
3 4179
3 4964
5 19
5 6
5 20
5 14
7 2167
7 2167
7 9668
2 9668
1 9367
2 9367
1 6003
5 14
6 2167
4 6003
7 514
1 8740
8
6 2167
7 2167
9
5 10
7 6003
3 5129
8
6 6003
6 6003
1 309
3 333
2 6003
8
4 2167
8
2 8740
2 9732
1 6224
1 8323
2 514
5 5
5 15
9
1 6165
8
7 2167
5 1
2 6165
7 6224
7 6224
9
1 2321
3 4657
3 5934
2 6224
1 7826
4 2167
7 2167
2 2167
3 9958
7 7826
5 11
9
2 138
1 3780
9
5 2
7 7826
9
6 7826
4 2321
6 7826
9
6 3780
8
7 3780
2 3780
1 4227
4 2321
3 7582
4 2321
3 8474
4 4227
3 4074
7 4227
3 9636
5 2
4 2321
4 4227
8
8
2 4227
1 6847
6 2321
4 6847
2 245
1 2279
5 20
5 14
5 6
9
4 6847
1 7960
5 20
7 6847
1 1765
7 6847
4 2321
5 18
4 6847
5 1
7 2279
8
2 1765
5 16
6 2279
5 20
4 6847
2 6847
1 6737
2 2279
9
6 269
6 6737
6 2321
7 6737
3 8415
2 6737
1 1628
7 7826
3 9101
4 7826
4 7826
3 4607
1 1320
4 7826
3 1094
5 14
6 7826
8
9
6 7826
3 6128
8
1 8880
1 6684
2 1628
9
9
9
1 2400
6 6684
2 6684
5 8
4 2321
7 2321
8
5 19
7 1320
6 269
4 7826
7 269
6 2321
6 2321
9
5 3
7 7826
3 5670
4 7826
5 21
9
7 7826
3 9304
7 269
4 1320
9
6 7826
6 1320
3 7669
9
4 2321
2 7826
2 2321
1 5057
5 1
9
9
7 5057
8
9
5 11
6 5057
1 4784
5 14
8
6 1320
4 4784
5 6
9
2 1320
9
5 15
5 7
2 4784
6 5057
9
4 2400
4 2400
9
3 4484
6 5057
2 5057
1 471
6 7960
9
1 8657
2 7960
3 4705
1 3684
2 8323
2 269
1 644
3 4723
6 3684
3 6877
7 3684
6 8657
2 8657
1 721
3 4658
7 309
5 10
6 2400
4 2400
2 2400
1 9351
8
8
9
8
9
6 3684
9
4 3684
5 10
5 14
3 957
1 3820
7 8880
8
9
9
1 158
8
4 471
7 8880
3 464
4 3684
5 5
1 9774
3 3092
3 5800
3 3012
8
2 3684
3 6214
1 1766
4 471
1 1950
4 3820
9
8
9
5 9
4 1766
3 1812
6 1766
3 6610
8
9
9
7 8880
1 8538
4 1766
5 7
9
7 3820
3 9195
6 1766
7 8538
3 7108
6 8538
5 5
6 3820
9
8
8
8
7 8538
6 8538
8
5 16
8
4 3820
4 644
9
7 1766
9
8
3 2374
5 3
1 9420
9
2 8538
7 644
4 3820
3 1427
5 7
6 3820
4 3820
7 3820
8
7 3820
9
8
6 1766
5 23
7 3820
9
8
8
9
6 3820
6 3820
9
4 3820
7 3820
6 3820
9
5 14
7 3820
3 188
6 8880
3 2149
7 3820
6 309
4 8880
6 471
5 17
3 2024
1 401
6 3820
3 6866
3 2484
3 4443
5 7
3 5670
3 5144
4 3820
1 6840
5 17
1 2935
8
1 1782
6 6840
9
3 1733
2 6840
4 3820
5 15
4 721
3 5132
9
6 309
9
8
8
9
1 8386
7 2935
3 5643
2 2935
6 3820
9
6 3820
2 3820
8
8
5 15
3 6051
7 8386
8
6 1766
4 1766
2 8386
3 6807
2 8880
7 9351
4 721
5 14
2 1766
9
9
7 9351
7 9351
5 4
6 1782
7 1782
5 20
4 9351
1 4618
4 4618
1 9873
8
4 4618
4 4618
9
3 5418
6 4618
3 8038
9
1 5979
4 4618
3 8906
2 4618
8
8
9
3 818
5 19
7 1782
9
9
2 5979
6 9351
3 8614
9
4 9351
3 6212
4 9351
6 1782
3 9675
8
1 3835
6 3835
4 9351
6 1782
7 3835
7 9351
4 3835
9
6 158
3 2757
9
4 401
5 12
6 3835
2 1782
3 7376
4 309
1 1069
8
6 9351
6 644
1 7262
6 309
3 6248
1 5319
8
2 3835
6 309
7 401
1 7699
3 1378
1 9114
5 15
5 12
4 5319
1 7875
5 22
9
4 1950
8
7 5319
2 5319
4 1950
6 7262
3 4631
2 7262
2 7699
3 5994
3 1652
1 6899
2 6899
2 7875
2 9114
2 1069
3 3960
5 16
6 644
7 9351
9
6 9351
1 7882
4 7882
5 2
8
4 309
8
5 21
5 12
4 7882
8
6 7882
3 785
6 158
3 3422
1 6790
8
8
4 6790
5 9
2 6790
2 1950
9
1 5271
8
3 8423
2 5271
4 7882
8
7 7882
2 644
3 6406
4 7882
4 158
9
7 7882
6 7882
8
3 965
9
3 5015
5 2
4 7882
2 7882
3 5177
1 5802
7 5802
8
1 6728
2 5802
4 6728
6 6728
7 6728
7 6728
4 6728
5 5
8
1 8122
4 6728
4 6728
4 6728
2 6728
4 8122
5 9
7 8122
4 8122
1 4451
4 158
9
9
7 4451
1 636
5 24
7 4451
1 5651
6 4451
5 10
8
4 5651
7 5651
8
9
9
9
2 4451
2 5651
4 8122
9
1 5494
3 9262
2 5494
3 55
7 8122
5 12
1 2521
9
8
4 2521
9
6 8122
1 3211
4 3211
4 401
8
2 8122
3 3593
1 1923
4 309
3 8777
5 25
4 3211
7 471
5 7
4 1923
3 1879
9
6 1923
8
9
9
5 21
2 3211
5 16
7 636
4 9351
7 1923
1 8294
5 23
4 8294
1 9374
7 8294
1 3962
9
9
9
4 8294
6 1923
1 2317
9
4 2317
3 8403
1 4935
8
9
8
3 4691
7 2317
9
3 2698
7 1923
4 1923
6 1923
4 1923
5 27
2 3962
1 2376
9
1 1634
6 309
8
8
7 1634
3 9199
8
6 158
4 4935
8
9
4 4935
1 4488
5 11
7 4488
1 9831
9
8
2 4488
8
1 1194
7 4935
2 4935
1 1772
3 4513
3 9832
6 8294
2 2521
5 31
8
3 5773
6 8294
5 8
3 2523
7 1634
4 8294
9
1 7782
9
9
2 1194
3 6219
1 6154
3 6
2 636
6 721
3 2941
7 6154
4 6154
3 2019
4 2317
8
2 6154
9
7 7782
4 7782
7 7782
6 1634
6 1634
7 2317
6 2317
2 2317
6 7782
3 7856
2 1923
6 1634
6 7782
5 1
8
4 158
2 1634
1 5369
4 1772
3 5251
3 6080
4 309
3 2301
8
6 5369
3 17
2 5369
7 7782
8
8
1 4051
9
7 7782
2 7782
6 4051
8
6 1772
4 1772
5 1
9
3 3752
3 5308
6 721
6 8294
5 8
7 1772
5 8
9
1 9612
9
4 2376
2 2376
3 6623
8
4 1772
4 4051
8
8
2 1772
6 4051
5 21
5 18
3 3322
3 3854
2 721
8
5 13
3 2083
5 9
2 4051
3 2195
2 8294
3 9551
2 9351
1 4486
6 401
2 4486
5 12
3 6708
1 7087
9
3 7921
6 7087
9
5 5
3 9305
4 158
3 6060
2 7087
7 9374
5 12
5 2
9
7 9374
2 9374
5 22
8
7 9420
3 3574
9
2 9420
2 9612
2 309
1 6411
4 6411
5 13
8
8
1 1161
2 6411
5 7
6 9774
5 3
3 3942
9
4 9774
1 466
9
8
6 9774
9
5 6
3 169
1 6576
7 6576
7 6576
4 6576
7 158
2 1161
4 6576
5 5
7 6576
5 21
6 6576
5 21
6 6576
8
2 6576
9
7 9774
1 9806
5 16
2 9774
4 401
6 9806
7 9806
1 6249
4 6249
8
8
9
7 6249
6 321
2 6249
9
4 9806
2 9806
1 1796
5 13
1 5204
7 1796
3 2009
7 1796
4 5204
7 5204
6 5204
4 1796
7 5204
6 5204
3 7534
4 321
3 9285
4 1796
3 1441
6 5204
3 6846
9
9
3 5727
1 9080
4 5204
7 5204
6 5204
8
8
9
9
4 1796
2 5204
5 1
1 8597
9
1 5512
8
5 4
5 18
4 1796
9
1 3591
2 3591
7 321
3 6377
1 485
4 5512
2 158
9
7 5512
4 5512
3 3187
3 5346
7 1796
9
1 8638
7 1796
5 9
1 7482
5 2
7 1796
8
8
3 7528
9
7 321
3 4050
4 321
9
5 17
3 3245
5 13
6 1796
3 8427
9
4 5512
3 3574
8
5 2
5 10
7 1796
4 5512
8
8
3 698
3 2611
9
4 1796
6 1796
2 1796
6 5512
2 5512
4 321
9
5 20
3 8275
3 70
3 1366
5 19
1 9378
1 5253
6 5253
6 5253
9
7 5253
8
7 5253
4 5253
4 5253
5 3
6 321
1 8378
8
3 2287
1 9513
2 5253
7 7482
6 7482
6 7482
3 5380
8
4 7482
3 1462
9
3 955
7 7482
7 7482
4 7482
8
1 9041
1 7471
3 5269
8
7 7471
6 7471
5 26
8
8
5 27
9
9
1 4500
7 4500
1 2989
8
5 9
7 2989
2 2989
1 6070
5 28
6 4500
5 13
3 9589
7 4500
6 321
3 5684
8
9
7 4500
2 4500
3 2543
5 28
9
6 6070
8
3 334
9
9
8
4 6070
7 321
6 6070
3 1324
7 6070
9
5 20
7 6070
2 6070
9
7 7471
3 8237
2 7471
2 7482
3 3702
4 8378
4 8378
3 3767
3 9061
2 8378
8
6 8597
8
7 8597
8
5 14
4 8597
4 8597
1 8684
5 13
5 26
3 3593
3 245
5 20
4 8597
2 8597
8
3 3927
5 2
2 8638
6 321
1 6585
9
5 15
5 3
7 6585
1 7246
2 6585
7 7246
8
3 4159
3 699
7 7246
3 336
9
4 7246
9
5 25
3 3791
8
1 5017
8
7 321
3 81
7 5017
9
6 5017
1 6143
6 5017
2 5017
2 6143
4 7246
6 7246
8
6 7246
7 7246
2 7246
2 8684
8
8
9
3 4874
6 9041
2 9041
2 9080
1 9418
4 9378
2 9378
7 9418
6 9418
1 9582
5 16
9
2 9418
8
1 5383
5 9
8
6 401
7 321
2 5383
5 21
3 8527
3 5223
8
8
3 9556
4 9513
7 9513
2 9513
2 9582
1 505
4 9831
1 8277
9
5 1
7 8277
8
3 7112
6 8277
7 8277
8
7 8277
5 1
2 8277
3 7649
1 3485
4 9831
3 7273
9
1 5410
5 16
2 3485
4 5410
8
9
4 5410
4 5410
9
6 5410
1 2600
5 6
9
8
9
9
3 3581
2 5410
9
3 4527
4 2600
6 321
2 2600
4 9831
4 9831
8
2 9831
1 2908
8
9
5 8
3 6125
9
4 9873
7 9873
2 9873
1 6205
8
3 7438
3 6165
3 9656
7 6205
4 6205
5 10
1 4768
1 7526
9
7 4768
9
6 2908
7 2908
7 2908
1 1502
5 13
2 4768
5 3
5 18
9
1 5707
3 6108
8
6 5707
9
3 3927
5 16
2 2908
5 14
9
7 5707
4 5707
9
4 5707
5 5
2 5707
6 1502
8
4 6205
3 1131
9
2 401
5 4
4 6205
1 7700
6 6205
5 14
3 7680
6 1502
2 1502
6 6205
1 9831
8
9
7 6205
8
3 1208
1 9742
8
4 6205
1 5086
7 5086
2 5086
7 6205
9
4 6205
9
4 6205
1 2065
9
2 6205
8
7 2065
6 7526
6 7526
6 7526
8
9
1 6388
4 321
9
5 8
9
4 6388
4 2065
8
7 2065
1 1101
6 321
9
5 16
7 6388
1 1842
9
4 1842
9
3 6675
1 2256
9
1 5477
8
8
6 5477
2 5477
5 14
6 6388
2 6388
6 1101
8
7 2256
7 321
9
4 321
7 1101
9
2 321
1 7534
9
8
3 4600
8
9
1 7864
1 5161
4 2256
5 17
1 8392
7 5161
4 5161
3 5901
6 1842
5 16
5 1
4 2065
1 2356
7 5161
5 17
1 2161
2 5161
7 1101
1 3884
8
1 4098
2 2256
9
5 27
3 4777
1 4429
7 3884
3 3247
2 1842
9
2 3884
9
1 7496
8
6 2065
5 15
9
7 2356
1 7278
7 4098
3 6131
7 2065
4 4098
5 10
9
3 3280
4 7278
2 485
4 7278
3 7049
1 5158
9
6 2065
7 5158
3 9833
4 2356
4 4098
9
4 2065
7 1101
5 14
8
5 20
6 2356
2 1101
9
5 20
1 8263
1 482
1 635
1 7493
9
3 305
8
3 3838
1 5335
4 5158
3 6643
8
2 2065
1 1219
4 1219
1 9534
9
8
2 1219
9
4 505
9
2 2161
2 4098
7 4429
9
6 5158
4 2356
1 7450
2 2356
2 4429
8
8
8
8
5 28
4 5158
9
3 2433
7 5158
9
1 4951
6 4951
8
7 4951
7 4951
3 1727
6 4951
4 4951
7 4951
8
7 4951
2 4951
3 5685
2 5158
3 830
4 5335
5 30
8
3 8730
6 5335
3 6756
5 26
5 28
4 5335
7 5335
1 9590
7 5335
3 6128
6 5335
1 394
2 5335
3 8232
1 7502
2 7278
4 7450
9
4 7450
9
3 5575
8
9
3 8871
7 7450
8
7 7450
3 6142
4 7450
7 7450
6 7450
7 7450
2 394
2 7450
7 7493
7 466
2 7493
2 7496
3 2119
2 7502
8
5 1
8
6 7526
4 7526
7 466
9
5 25
6 7526
7 7526
8
3 4478
4 635
6 7526
6 466
9
7 7526
2 7526
2 7534
5 13
5 13
5 22
6 7700
5 19
8
2 7700
9
9
3 970
6 7864
5 19
6 7864
2 7864
1 6074
9
8
8
1 9939
1 8014
8
1 2429
4 2429
2 2429
1 532
3 2663
4 6074
3 9340
5 18
7 6074
2 6074
8
4 8014
9
9
1 313
2 8014
9
8
2 8263
5 10
2 313
1 6636
8
2 6636
2 8392
8
4 9534
2 9534
3 5386
2 9590
3 3609
8
7 9742
8
8
3 9934
5 13
7 9742
9
4 9742
5 20
8
6 466
1 9485
8
7 9485
3 716
8
9
5 19
5 19
1 6657
2 6657
9
8
7 9485
7 9485
5 2
8
9
4 9485
5 1
3 4089
6 9485
8
7 505
4 9485
8
1 9157
7 9157
1 4247
6 9157
1 7385
2 466
1 2156
7 4247
5 4
2 471
4 2156
9
6 482
2 4247
4 7385
8
5 22
9
1 8964
1 2154
8
3 2528
2 7385
6 8964
4 8964
3 5645
6 8964
3 401
1 2633
3 5858
4 2154
8
7 2154
7 2154
1 5894
8
5 21
9
6 2154
7 482
4 5894
6 5894
2 532
7 5894
1 7162
9
9
8
3 6544
8
6 2154
3 8146
7 5894
8
7 482
9
9
9
7 5894
3 8441
8
4 2154
8
5 13
5 16
1 5815
1 8630
3 3583
2 635
5 27
2 482
4 2154
2 2154
3 2259
4 2633
2 505
6 2156
9
4 2156
6 2156
6 5815
3 2136
2 2156
4 5815
4 2633
2 5815
7 2633
4 2633
2 5894
4 7162
6 7162
4 2633
3 871
4 2633
1 4726
3 6845
7 4726
2 2633
8
9
3 9065
7 4726
2 4726
9
7 7162
1 4471
2 4471
8
2 7162
1 7885
2 7885
1 7880
7 7880
2 7880
1 3773
7 3773
7 3773
3 8840
9
4 3773
4 3773
6 3773
4 3773
5 10
7 3773
5 6
7 8630
8
3 4206
6 3773
6 3773
4 8630
3 3832
2 3773
1 8915
6 8630
8
9
1 2898
5 1
2 8630
5 9
6 8915
6 8915
1 7979
1 9481
2 2898
2 7979
9
1 9598
2 8915
5 12
5 20
9
1 9777
6 8964
6 8964
5 13
8
9
8
9
9
2 8964
3 4568
5 19
1 2656
3 7748
6 2656
5 10
3 8006
7 9157
6 9157
8
4 2656
4 2656
4 9157
7 9157
6 2656
8
8
8
9
3 6775
5 8
4 2656
4 2656
4 9157
6 2656
7 9157
7 2656
1 4248
9
2 4248
2 9157
4 2656
1 3483
8
5 11
2 2656
3 678
6 3483
3 2479
9
9
6 3483
7 9481
6 9481
8
9
5 17
7 3483
4 3483
2 9481
1 8006
7 8006
7 8006
7 3483
9
2 3483
1 6618
1 6620
3 2848
5 18
4 6618
4 6618
4 6618
6 6618
8
8
8
4 6618
9
8
6 6618
5 7
8
1 2603
8
4 6618
1 4730
3 6786
5 16
8
3 9990
7 4730
1 3440
7 3440
1 8648
4 4730
6 2603
6 4730
3 7134
2 4730
5 9
3 7258
5 17
5 17
4 6618
6 6618
9
6 2603
7 6618
4 3440
6 2603
3 575
6 3440
2 2603
5 20
8
2 6618
6 3440
4 6620
9
4 3440
6 3440
2 6620
7 8006
3 6803
4 3440
3 6406
7 3440
2 8006
3 1918
5 7
1 317
2 8648
6 3440
7 9485
4 3440
4 9485
4 3440
8
6 3440
2 3440
1 4055
1 8997
7 4055
3 3465
3 9016
1 5441
8
6 4055
3 3875
6 4055
9
3 3894
3 3740
9
5 7
5 6
2 4055
8
4 5441
2 5441
3 5855
6 8997
6 8997
2 8997
1 9427
7 9427
6 9427
5 3
5 10
6 9427
6 9427
9
3 7813
7 9427
9
9
4 9427
8
5 19
6 9427
1 1763
4 9427
4 9427
4 9427
4 9427
1 5241
6 5241
1 5702
7 5241
5 12
4 5241
9
6 1763
5 15
4 5241
6 317
7 1763
3 5461
2 1763
2 5241
4 317
1 8905
7 5702
7 5702
7 5702
3 8052
4 5702
6 317
4 5702
9
9
3 8547
7 5702
4 5702
3 6593
1 3530
4 3530
1 5021
6 3530
4 3530
2 3530
2 5021
5 12
2 5702
2 8905
6 9427
2 9427
1 1152
5 1
5 17
8
9
2 1152
1 4405
9
2 4405
1 7938
6 7938
1 6624
8
4 6624
8
9
5 2
9
2 317
8
9
8
3 9950
6 6624
1 3001
2 3001
7 6624
6 6624
5 5
9
7 6624
1 1770
6 6624
1 7239
5 1
6 6624
8
2 6624
1 8852
9
7 7239
2 7239
3 811
8
4 1770
2 7938
2 8852
1 4728
3 3850
9
5 11
8
1 6072
9
7 1770
6 4728
5 17
9
1 1316
8
2 1316
2 4728
9
1 5938
6 1770
2 1770
1 5660
9
1 7360
5 8
7 5660
6 5660
7 5660
1 295
4 5660
3 6876
2 5660
6 5938
8
5 8
6 5938
9
4 295
9
9
8
2 5938
3 3308
1 8699
5 16
4 6072
4 295
3 9545
8
2 6072
1 2284
4 7360
3 2972
7 7360
9
7 7360
1 1949
9
5 6
6 7360
5 15
2 1949
3 8362
5 12
5 6
3 4306
9
7 2284
2 2284
9
3 1065
2 295
9
1 5339
3 1808
8
1 2139
9
4 5339
8
8
2 2139
4 5339
1 7592
2 5339
3 3668
6 7360
5 5
8
1 691
8
8
5 9
1 9184
1 68
7 7360
4 7360
7 7360
8
2 7360
5 14
7 7592
2 691
5 21
9
8
2 7592
1 505
5 5
8
6 8699
8
2 8699
3 3557
3 4776
5 21
7 505
9
5 19
6 9184
7 9184
2 505
6 9184
6 9184
9
3 683
2 9184
1 6372
5 14
9
9
9
8
5 5
7 6372
3 9150
3 2322
8
1 1174
9
6 6372
5 15
3 3018
7 1174
5 8
7 1174
2 6372
4 9485
9
1 1703
3 4512
6 9485
7 1174
2 1703
9
4 9485
7 9485
4 1174
1 5749
2 1174
7 5749
2 5749
1 4432
2 4432
1 9240
1 4184
8
8
2 4184
3 1091
6 9240
4 9240
5 9
2 9240
1 4712
7 4712
1 2132
9
3 4379
7 2132
6 4712
4 4712
7 2132
3 2691
9
4 4712
9
6 2132
7 9485
8
4 2132
6 2132
1 6683
8
8
6 2132
4 2132
6 4712
3 242
3 2595
4 4712
7 2132
5 21
5 16
2 2132
9
3 9189
3 1462
9
9
8
1 6041
6 4712
1 5260
9
1 9732
8
6 4712
7 4712
3 5558
5 3
1 9910
1 9523
3 6373
7 4712
6 4712
6 4712
1 666
3 7454
9
1 5310
7 11
9
1 2931
9
2 2931
3 9960
8
2 4712
4 5260
6 5260
4 5260
3 2744
1 5718
9
2 5260
2 68
9
9
7 5310
6 666
5 22
9
9
2 5310
1 9147
9
5 14
8
9
1 584
8
4 5718
4 5718
2 5718
2 584
4 666
7 6041
7 6041
2 6041
3 2335
2 6683
7 9147
2 9147
4 9485
2 9485
9
4 9523
1 8974
2 8974
3 4811
4 9523
9
8
4 9523
3 7594
7 9523
3 8469
4 9523
9
9
5 7
5 14
9
3 2899
2 9523
8
9
5 15
4 9598
2 9598
1 9459
3 679
2 666
1 3180
7 3180
2 3180
1 2703
1 2208
2 2208
2 2703
1 3386
8
6 3386
8
2 3386
1 8530
9
8
8
3 4695
7 8530
1 3024
1 7889
5 11
4 7889
7 3024
1 303
9
8
1 4743
2 3024
7 303
2 4743
6 7889
8
9
4 7889
6 7889
7 7889
3 2935
1 4454
5 20
3 9659
3 6641
9
7 4454
8
6 7889
3 7534
5 18
6 4454
9
8
4 4454
2 4454
7 7889
3 8269
1 6773
4 6773
3 8099
7 6773
9
7 6773
9
4 6773
4 6773
2 6773
4 7889
2 7889
1 3377
3 2385
2 3377
1 2079
7 8530
1 8898
2 2079
5 10
8
8
6 8530
2 8530
5 17
6 8898
4 8898
5 9
9
9
8
2 8898
1 1005
3 7387
6 9459
2 9459
5 1
3 1746
7 9732
4 9732
4 9732
5 8
2 9732
1 1035
2 9742
1 6656
5 10
1 1069
3 6883
3 7191
2 6656
5 20
7 9777
5 11
4 9777
6 9777
5 10
5 20
9
3 6108
6 9777
8
3 3150
9
5 7
1 7694
7 7694
6 7694
7 7694
6 7694
4 7694
6 7694
2 7694
2 9777
1 8232
4 8232
7 8232
6 8232
3 4916
8
9
7 8232
4 8232
2 8232
1 1029
6 1005
5 14
5 5
3 9622
5 9
9
2 9831
1 1907
4 11
5 10
9
3 5670
5 7
8
2 9910
1 597
4 9933
2 9933
1 4168
6 4168
3 1967
7 303
2 4168
1 3688
7 303
6 9938
6 3688
3 3475
6 1907
8
6 3688
4 3688
4 9938
8
9
5 19
8
3 6929
1 3389
6 1907
1 8358
8
1 2155
4 8358
5 22
2 8358
9
2 3389
7 3688
5 1
8
9
9
7 3688
4 1907
6 9938
5 7
5 19
7 3688
9
6 9938
9
1 4904
8
9
4 4904
3 9751
7 597
2 597
5 8
1 6099
4 3688
3 3020
4 4904
2 3688
6 1005
3 6027
4 4904
8
9
4 1069
5 2
2 303
2 4904
1 7102
1 8363
6 6099
6 6099
6 6099
9
3 2100
2 6099
1 2654
9
4 7102
4 7102
5 3
3 9851
3 3564
8
2 1005
7 1029
5 19
4 2155
4 7102
4 1907
3 1568
5 15
3 6100
4 1029
5 5
3 7245
7 7102
3 9936
1 5010
5 4
3 8477
5 1
1 8180
9
1 9418
1 8122
6 1029
1 6207
6 5010
7 5010
3 9456
5 19
5 22
5 25
8
6 1907
5 6
1 8280
8
6 5010
2 1907
1 9235
2 2155
1 1214
4 5010
9
4 5010
3 9553
7 1029
8
3 5904
3 7193
1 1960
3 3292
2 1029
3 2293
9
3 2686
9
2 2654
9
3 1164
3 6919
6 1035
4 5010
1 9408
6 5010
2 1035
9
9
3 2837
6 5010
2 5010
5 20
4 6207
3 8897
2 6207
8
8
7 1960
6 1069
7 7102
1 4131
8
2 4131
7 1069
1 2664
7 7102
6 1960
9
9
3 1824
6 7102
3 7615
7 1069
9
2 7102
3 3384
5 11
5 1
7 8122
1 4356
6 1214
1 5488
8
6 1960
6 1214
7 4356
7 4356
6 1069
8
9
4 4356
6 2664
3 9700
8
2 1069
8
8
9
5 15
7 2664
4 2664
3 7704
1 2705
9
4 4356
2 1214
8
5 11
9
1 3995
4 3995
2 1960
1 2514
3 8498
9
7 2514
1 9180
9
5 3
8
8
9
8
4 3995
5 15
5 25
7 2514
3 2312
1 5386
8
5 24
1 6610
5 4
7 2664
3 7995
8
3 6119
2 3995
3 1118
4 2514
6 4356
4 4356
6 2514
2 4356
6 5386
5 16
2 5386
6 5488
4 5488
9
2 2514
7 2664
1 2862
8
9
4 5488
8
9
4 5488
4 5488
4 5488
1 5306
9
7 5306
2 2664
5 10
8
1 3859
8
6 3859
9
3 9237
1 595
2 595
6 3859
7 5306
4 2705
6 5306
1 1712
1 6651
4 3859
3 7554
8
3 8127
8
4 5306
9
3 8862
5 4
8
9
1 6923
1 7804
8
8
5 3
4 5306
3 6491
1 8929
9
8
9
1 9009
2 3859
3 6420
4 2705
8
7 5306
9
7 2705
5 31
5 5
8
6 1712
7 1712
8
5 4
2 5306
8
6 2862
3 7343
6 2705
7 5488
2 1712
8
4 5488
3 1394
5 25
9
1 4119
9
8
4 2705
1 6726
6 2705
7 2705
4 2705
1 9956
8
1 9542
1 6199
7 5488
7 5488
2 2862
8
5 19
4 2705
7 5488
5 22
7 4119
4 4119
7 2705
7 2705
4 2705
4 2705
3 410
2 4119
8
2 2705
4 5488
3 374
4 5488
4 5488
4 5488
1 3227
3 8237
1 7519
5 28
8
5 21
1 3160
4 3160
8
6 5488
8
4 3160
7 3160
4 5488
5 17
1 451
6 3160
6 3160
5 4
5 2
2 5488
2 3160
5 24
4 3227
9
3 5711
8
7 6199
4 3227
1 250
7 3227
6 3227
8
3 1157
6 3227
7 3227
4 6199
6 3227
3 8859
1 7266
4 3227
7 6199
6 3227
3 2992
7 3227
7 3227
6 3227
4 6199
3 2023
6 3227
4 6199
5 25
9
7 3227
7 3227
2 3227
7 6199
5 28
3 6433
3 4841
3 3073
9
4 6199
2 6199
5 23
5 33
1 3862
1 8945
6 3862
8
5 2
1 960
5 22
5 7
3 4151
5 25
3 6150
5 35
8
8
1 571
4 3862
7 3862
2 3862
6 6610
3 3706
8
6 6610
6 6610
2 6610
2 960
5 2
9
9
9
5 32
7 451
5 22
5 2
2 6651
4 6726
3 7962
1 3426
4 3426
4 3426
8
4 3426
7 6726
4 3426
8
4 3426
6 6726
1 7906
4 6726
5 7
1 3649
4 6726
6 250
8
6 3426
3 1074
1 5799
9
8
9
2 3426
7 3649
9
4 3649
2 5799
5 3
3 5420
4 3649
8
6 3649
1 8814
7 3649
7 3649
2 6726
4 3649
7 3649
6 3649
5 20
3 4756
7 3649
2 3649
5 21
5 1
5 30
9
7 6923
1 9291
6 6923
1 97
9
9
3 3902
9
2 6923
9
1 3446
1 2561
7 3446
1 3224
4 7266
6 3224
5 14
2 3224
5 22
2 2561
3 5454
3 3326
5 9
4 97
8
2 571
6 3446
6 7266
5 29
9
8
4 3446
2 3446
3 9779
8
7 7266
9
9
8
8
5 11
2 7266
2 7519
5 31
8
1 4949
9
1 6933
9
8
5 18
4 4949
7 4949
9
6 4949
3 3746
6 4949
8
5 16
6 4949
8
8
3 635
5 32
1 4338
5 34
7 4949
3 4409
8
8
3 7504
4 4338
9
9
8
6 4949
2 4338
9
6 4949
3 362
1 2802
6 4949
1 3655
8
6 2802
7 2802
3 6610
5 11
2 2802
5 1
7 451
4 97
2 4949
9
1 70
9
3 3174
5 5
7 250
6 3655
6 3655
8
7 6933
5 18
9
6 3655
2 70
8
7 3655
3 3831
7 6933
8
9
3 1500
5 5
4 3655
3 1127
8
4 6933
4 6933
8
3 8140
1 6610
7 3655
3 8510
6 3655
7 3655
8
4 6610
6 6610
2 3655
6 6610
1 1572
3 3719
7 6610
9
7 6610
3 7007
2 6610
5 19
9
7 6933
3 2078
9
6 6933
4 6933
9
2 1572
4 6933
8
8
9
7 6933
1 4652
8
8
1 314
7 4652
8
3 6815
2 4652
4 6933
4 451
4 6933
4 6933
1 8922
5 20
8
9
2 6933
1 9316
3 4511
6 7804
3 3965
4 7804
8
8
2 7804
6 7906
3 8408
5 11
9
8
5 17
1 7311
6 7311
6 7311
9
3 1863
1 86
6 7311
7 7311
2 7311
5 12
5 11
4 7906
9
9
1 3254
6 7906
5 36
4 3254
8
7 3254
1 7879
2 3254
3 569
4 7879
9
6 7879
5 30
7 7879
6 7879
9
9
4 7879
3 5940
7 314
3 3189
6 7879
4 7879
8
2 7879
2 7906
7 8122
6 8122
6 8122
9
1 4189
4 4189
1 1472
9
8
7 4189
2 8122
6 4189
4 4189
4 1472
6 4189
5 24
8
6 8180
4 1472
9
3 388
1 4567
6 4189
1 7992
9
2 250
1 1764
6 4189
9
6 1764
8
1 3146
2 3146
7 4567
9
3 4497
3 871
9
1 2719
9
8
7 4567
5 5
6 2719
4 2719
8
6 1472
3 8837
6 1764
5 18
6 2719
6 1472
3 2352
6 1472
5 22
3 6268
4 2719
8
6 314
8
2 314
1 7058
1 8497
8
4 4189
9
9
7 4189
7 1472
7 4189
6 86
1 4499
4 4189
4 4189
2 2719
3 1189
8
9
9
1 6297
8
8
2 4189
7 1764
2 1472
8
7 1764
1 1024
7 4499
6 4499
7 4499
7 451
2 4567
3 4655
1 7080
6 1764
8
3 4220
8
5 13
3 3118
9
6 1024
6 1024
6 4499
1 3848
2 1024
7 1764
1 529
5 37
4 3848
3 3292
1 2067
1 3638
2 1764
6 3638
4 3638
5 28
5 22
2 3638
9
5 38
2 451
4 2067
3 9819
5 19
3 9719
9
8
2 2067
8
2 529
7 6297
8
1 8334
7 6297
9
6 86
2 4499
6 3848
2 6297
7 7058
6 3848
8
6 3848
6 3848
4 3848
4 3848
5 23
7 7058
8
9
2 3848
6 7058
9
5 15
7 7058
6 7058
9
9
7 7058
3 7367
7 7058
9
7 7058
9
8
6 7058
8
2 7058
5 15
5 32
2 7080
8
2 7992
4 8180
1 3924
5 10
3 8626
2 3924
2 8180
3 9653
1 4289
9
2 4289
3 2947
3 9226
6 8280
9
4 8280
2 8280
2 8334
6 8363
1 2936
7 2936
8
7 8363
8
2 8363
9
3 4997
3 7561
4 86
4 8497
8
7 2936
4 8497
6 8497
9
6 8497
4 8497
6 2936
2 2936
5 12
8
9
7 8497
9
1 5991
6 5991
9
6 5991
1 3084
4 5991
5 10
2 5991
8
6 3084
6 3084
2 3084
7 8497
6 8497
2 8497
2 8814
6 8922
5 17
9
7 8922
3 8716
6 8922
3 4163
3 5550
4 86
3 3332
8
1 8789
2 8789
6 8922
5 22
3 14
3 810
2 8922
7 8929
8
9
4 8929
8
9
5 15
2 8929
7 8945
8
9
1 2142
7 2142
3 3480
1 9692
9
5 25
8
7 8945
1 1423
8
2 8945
3 7614
1 6821
5 16
4 6821
2 6821
1 6469
6 2142
5 17
5 3
4 1423
7 6469
1 2543
8
7 6469
1 9781
8
7 6469
4 6469
7 1423
7 6469
5 12
5 25
8
5 28
3 3739
2 6469
7 1423
7 9009
6 1423
7 1423
8
2 1423
1 1541
7 2543
8
9
8
2 2142
3 1086
9
1 7556
1 8682
7 1541
7 7556
2 7556
2 8682
7 2543
7 2543
3 9887
6 9009
1 2391
3 7761
3 3782
8
6 9009
7 9009
4 9009
5 1
9
7 9009
9
1 1118
8
9
5 6
5 9
6 1118
9
6 9009
9
8
7 86
6 9009
8
6 9009
9
5 4
3 8589
3 6801
6 1118
8
9
1 86
6 9009
4 2391
6 1541
5 21
1 2962
4 2962
8
9
3 3472
4 9009
7 9009
7 9009
2 2962
6 2543
7 1118
8
5 23
3 1319
2 9009
3 275
4 9180
7 1118
8
2 9180
8
3 7474
6 9235
2 9235
1 289
9
1 4288
7 2391
7 9291
1 6240
6 1541
6 2391
4 6240
7 4288
9
2 4288
7 6240
6 97
1 6837
5 8
2 6240
7 2543
9
9
1 7318
9
9
6 1118
1 4881
9
6 2391
1 524
5 18
8
4 1118
4 4881
1 5500
3 2705
4 1541
5 25
8
6 4881
6 524
3 2675
1 9361
4 4881
9
7 1118
7 2391
7 4881
4 86
9
3 1128
5 13
9
9
9
3 4446
6 1541
7 2391
7 4881
9
1 1088
5 35
9
9
6 2391
7 524
3 6427
7 4881
7 4881
1 9958
1 2433
5 25
6 86
5 37
9
9
4 2391
3 3694
9
4 4881
9
1 184
6 4881
1 9556
7 4881
6 524
3 4420
1 6285
9
7 524
9
2 4881
6 1541
2 1088
8
7 5500
8
7 5500
1 35
7 1118
4 5500
3 5052
7 5500
7 5500
6 1118
6 2391
5 5
6 2391
9
5 39
5 30
6 5500
2 524
9
9
7 5500
1 7703
1 2657
1 1555
8
4 2391
2 2391
6 2433
8
9
9
5 13
2 2433
1 7240
8
6 5500
9
1 8250
2 289
4 5500
7 1118
9
6 1118
9
5 30
1 7583
7 1118
1 5208
4 184
8
7 1118
8
2 5208
4 5500
9
9
5 27
2 1118
3 3298
7 5500
2 1541
4 5500
3 7043
9
7 1555
3 2884
7 1555
8
3 4419
6 5500
5 24
5 10
5 35
2 2543
4 5500
1 8721
5 36
7 1555
3 3330
7 1555
8
2 2657
7 5500
9
4 1555
2 5500
9
1 2277
6 2277
8
9
7 6285
2 2277
7 35
4 1555
7 6285
9
3 8899
7 6285
2 1555
9
2 6285
4 6837
8
3 8262
3 4264
5 22
3 8794
9
1 5422
1 2921
3 252
6 5422
8
7 2921
2 2921
3 3081
3 2452
1 3386
7 5422
3 8444
6 3386
7 3386
6 5422
7 3386
4 5422
4 5422
3 652
7 3386
9
7 3386
1 203
6 3386
3 9246
3 4154
6 3386
5 9
2 5422
5 17
3 6197
2 3386
3 6362
1 5643
3 1833
2 5643
5 25
5 19
8
6 6837
5 1
6 6837
8
7 6837
9
6 6837
8
8
4 6837
4 6837
9
1 2481
3 8246
1 832
5 14
8
4 2481
6 6837
7 6837
9
6 6837
4 6837
7 2481
9
5 1
4 6837
8
8
8
3 7494
7 6837
9
9
2 6837
1 3965
4 2481
2 2481
8
3 4907
3 2136
3 6661
8
7 7240
6 7240
8
4 7240
8
2 7240
9
4 3965
4 7318
6 3965
1 4968
3 2881
3 2018
9
1 1900
3 4341
3 7501
5 15
3 4606
6 1900
3 9998
4 86
1 3537
2 1900
7 3965
7 832
2 4968
7 3537
8
3 9676
8
7 7318
3 4939
5 36
6 3537
3 1458
9
4 7318
5 13
6 7318
4 3537
7 3537
5 33
2 3537
4 3965
3 3699
9
7 3965
5 9
2 7318
4 832
3 5640
9
1 4739
3 5882
3 6754
6 3965
4 3965
3 6140
9
1 9880
1 7756
6 3965
2 4739
9
9
5 37
9
5 35
5 24
9
4 832
6 3965
5 31
1 8296
6 3965
8
9
7 3965
1 9842
2 3965
3 2465
5 15
5 20
6 832
4 7583
5 37
8
1 8893
7 7583
1 1356
7 7583
3 5785
9
5 21
7 7583
2 1356
7 7583
6 832
1 5939
7 5939
9
9
4 832
3 6572
9
3 3045
2 5939
7 832
9
9
7 7583
9
6 7583
6 7583
1 5314
3 5803
9
6 832
3 4832
4 832
2 5314
3 9515
5 12
9
3 8430
1 1445
8
7 832
6 1445
7 1445
4 7583
4 7583
5 4
2 7583
5 28
6 832
6 1445
3 9170
3 3694
2 7703
2 7756
8
3 51
8
6 8250
5 13
1 4266
5 29
5 35
9
5 32
2 4266
6 8250
6 8250
5 10
9
2 8250
6 8296
3 640
2 832
1 4476
8
9
4 4476
5 4
2 35
7 4476
6 1445
4 4476
6 4476
7 1445
5 34
2 4476
7 8296
9
1 1528
9
8
2 8296
9
1 1499
7 8721
7 8721
4 8721
2 1445
5 6
7 8721
7 1499
9
6 8721
8
5 34
8
2 8721
4 1499
5 1
4 1499
8
9
5 25
5 6
7 8893
8
5 18
7 8893
5 19
4 8893
6 8893
1 1770
1 4991
1 2973
6 2973
1 2098
4 4991
8
7 4991
8
4 2973
8
6 1499
3 3164
4 4991
4 2098
1 2605
6 4991
3 3653
5 12
6 11
8
8
4 4991
6 4991
6 4991
3 6199
4 1499
9
4 4991
2 4991
7 184
6 2973
2 1499
7 1528
9
6 8893
2 2605
5 7
6 8893
9
9
2 8893
6 2973
4 86
9
3 7020
2 2973
4 9291
6 2098
2 9291
3 609
3 8458
6 9316
2 1528
2 1770
3 2348
7 184
2 9316
1 580
3 12
6 9361
3 4098
4 9361
2 9361
6 9408
8
3 7648
3 720
4 9408
7 9408
6 2098
9
6 2098
5 6
6 9408
4 9408
7 9408
8
9
8
7 9408
4 9408
1 833
8
1 2650
6 9408
3 927
6 184
7 2098
8
4 9408
3 5698
8
6 2098
4 203
5 3
2 9408
8
5 21
8
3 6470
4 2650
6 2098
6 2098
7 9418
2 9418
2 9542
8
2 9556
5 7
4 2098
3 7647
2 2098
9
3 4776
8
1 4318
4 833
7 4318
6 4318
5 26
9
4 2650
8
4 9692
2 4318
4 9692
2 9692
1 4035
1 3670
5 10
5 17
4 9781
1 5613
2 3670
4 2650
9
9
9
2 2650
9
6 4035
1 50
5 16
5 24
2 184
3 3347
2 4035
5 6
6 833
6 5613
8
3 3963
2 5613
1 341
7 9781
6 9781
4 9781
9
8
2 9781
5 16
9
4 9842
1 1439
8
2 9842
1 5974
6 5974
2 5974
6 9880
3 6525
2 9880
3 1611
8
2 833
7 9938
1 9535
2 1439
9
4 9535
3 8037
7 9535
8
5 12
9
7 9535
2 9535
8
9
1 7975
1 4427
7 4427
2 7975
9
6 4427
7 4427
9
2 9938
1 2690
9
3 9126
9
6 2690
4 4427
7 9939
2 2690
9
5 7
6 4427
9
9
2 9939
6 4427
1 3246
8
4 3246
3 4241
4 3246
7 4427
3 6188
2 4427
7 3246
9
7 9955
2 3246
1 8498
1 4772
5 9
1 5436
1 2478
1 2743
4 4772
2 4772
1 9236
2 5436
4 2478
5 4
1 1919
3 8678
2 8498
3 9279
6 9236
8
4 2478
5 3
8
5 18
9
1 3504
6 1919
3 5012
5 20
6 580
2 50
1 7279
7 1919
3 6250
2 7279
6 9236
3 4792
1 1739
8
3 996
6 1739
4 1919
7 9236
4 9236
4 3504
8
6 203
1 9344
4 9236
6 341
2 1739
2 9236
3 9421
4 580
6 2743
3 7388
7 1919
5 21
6 1919
7 1919
9
9
3 1178
4 9344
8
4 1919
8
5 13
1 1244
6 9344
3 5552
6 3504
4 3504
1 8287
4 2478
8
9
8
9
7 8287
1 9515
5 13
3 3905
6 1244
5 4
2 8287
2 9344
6 9515
9
3 4734
4 1919
4 3504
4 2743
7 2478
3 7670
2 9515
6 9955
8
5 16
1 8012
2 1919
6 2743
9
5 17
1 5369
8
7 1244
9
4 5369
1 6658
6 341
2 2478
2 1244
2 3504
5 7
8
9
5 3
1 6193
9
4 5369
1 336
9
4 5369
9
6 2743
4 2743
8
4 5369
7 2743
6 5369
2 580
8
6 336
9
2 2743
3 1632
2 5369
5 17
1 4862
4 4862
2 4862
9
2 6193
4 6658
7 6658
4 6658
8
4 6658
6 6658
2 6658
1 9727
6 8012
1 8753
5 14
2 8012
7 8753
1 6346
4 86
7 86
5 3
9
9
7 6346
5 6
2 6346
1 6733
7 6733
8
7 86
6 6733
9
3 6262
8
1 2932
8
5 17
2 2932
3 2043
9
9
6 6733
4 6733
1 8720
1 338
5 22
3 5026
3 9139
7 6733
8
5 20
7 6733
7 6733
7 203
7 86
4 6733
3 4156
2 6733
5 20
7 8720
7 203
7 203
1 3701
9
9
9
4 8720
3 1014
8
6 3701
3 4570
8
8
2 8720
4 3701
2 3701
1 1076
2 8753
5 20
9
4 9727
6 9727
5 11
8
7 9727
5 21
8
9
2 9727
1 9843
3 5209
7 9843
5 21
5 6
3 5268
9
9
7 9843
6 9843
1 3262
3 6014
6 3262
4 3262
9
1 5490
6 3262
8
4 3262
7 5490
5 11
6 3262
9
9
9
5 10
7 97
4 5490
6 5490
9
4 5490
5 13
8
8
4 1076
4 5490
2 3262
8
1 1505
8
6 5490
6 5490
7 5490
5 5
4 1076
6 1505
1 408
9
2 86
9
9
8
4 86
7 1505
1 2502
4 5490
1 3616
4 2502
3 5543
7 3616
8
2 1505
6 2502
3 6499
5 3
4 2502
2 3616
1 2634
1 525
3 361
5 16
1 1308
5 24
7 2502
6 1076
1 4213
5 6
8
4 2502
2 203
8
4 4213
3 6603
5 18
4 2502
7 4213
9
8
3 4937
3 144
7 4213
3 8299
9
7 5490
2 2502
5 15
6 4213
6 5490
9
4 5490
6 2634
8
7 2634
8
8
4 2634
9
1 225
1 6710
3 1814
2 5490
3 1529
5 8
2 1076
2 4213
5 23
3 5796
7 6710
4 6710
5 23
4 2634
5 14
6 6710
3 5341
5 13
6 2634
7 6710
3 7003
7 6710
2 6710
6 9843
2 9843
3 1574
6 2634
8
7 2634
1 7146
7 7146
1 9282
4 7146
9
6 1308
9
1 5439
3 7056
5 4
6 5439
1 2885
5 13
9
7 2634
3 2273
2 2634
5 8
8
4 2885
6 2885
7 2885
6 2885
8
1 5741
7 2885
8
3 4518
3 704
2 5439
4 5741
9
3 9979
9
9
9
8
6 2885
9
4 2885
4 2885
9
2 2885
8
6 1308
3 9940
1 4495
5 14
9
5 14
1 339
8
4 4495
9
4 4495
6 225
9
4 1308
7 4495
8
9
7 4495
1 806
4 1308
1 6431
1 3137
4 3137
5 2
8
8
7 3137
4 4495
7 3137
7 4495
1 5747
1 4271
2 4271
8
3 3864
2 4495
9
6 5741
1 6939
2 336
7 1308
8
2 5741
7 5747
8
3 718
1 5375
6 5375
7 5375
9
5 28
4 5375
7 525
1 2296
2 338
5 5
1 201
3 5929
6 5375
2 1308
3 6891
3 6309
2 2296
8
5 14
1 5128
7 3137
9
3 8703
6 5128
5 26
9
1 2985
2 2985
1 8267
8
6 5128
1 6840
6 3137
2 3137
9
3 9124
2 5128
8
2 5375
6 5747
4 806
9
2 5747
5 2
9
5 8
2 6431
5 10
5 23
5 20
9
4 6840
2 6840
1 273
3 8831
9
6 6939
7 6939
4 6939
9
6 6939
5 2
3 4178
8
5 23
3 583
1 988
5 9
9
9
8
6 6939
2 6939
4 7146
2 7146
3 7908
9
5 23
1 7848
9
9
9
2 7848
6 8267
6 8267
6 8267
8
8
2 201
2 8267
4 806
7 9282
3 461
8
8
7 9282
6 9282
4 9282
1 5816
5 8
4 806
1 136
5 18
1 9019
8
1 6023
4 5816
3 5366
9
9
8
8
2 5816
3 1980
5 1
2 6023
8
2 806
5 16
7 9019
7 9019
2 525
2 9019
1 949
5 20
7 408
5 5
2 9282
3 529
1 622
3 4816
6 9955
6 9955
5 2
3 3572
8
3 9908
2 9955
9
4 9956
6 9956
8
5 6
7 9956
7 9956
5 22
2 9956
5 13
5 1
8
5 19
9
8
3 1070
4 225
5 17
5 13
3 8567
4 9958
4 273
7 136
7 9958
8
4 9958
4 9958
3 1236
8
5 18
9
5 13
9
9
2 9958
4 9959
4 9959
6 622
1 9129
7 949
4 622
1 8453
9
6 8453
4 8453
5 4
9
1 5994
8
4 5994
7 5994
2 5994
9
3 3269
3 4510
5 14
7 339
8
9
7 8453
2 8453
4 9129
7 9129
1 8964
3 9432
6 622
1 6918
6 6918
1 9350
3 9175
1 3471
5 2
1 3030
3 7900
6 622
6 3471
8
1 6740
8
1 7325
3 473
8
9
9
1 5111
3 4974
8
2 5111
6 622
9
5 6
7 3030
9
5 21
5 13
5 15
9
5 20
4 6740
8
2 988
9
9
4 339
3 5760
4 3030
9
3 2940
5 24
3 9448
4 6740
4 3030
9
9
6 97
6 6740
2 949
7 6740
4 3030
3 6276
4 6740
2 3030
3 8923
8
7 6740
5 15
4 3471
7 622
1 7125
6 6740
9
2 408
9
4 3471
7 6740
9
2 3471
4 6740
1 6880
6 6740
8
3 5633
3 7710
3 2996
4 6740
3 2899
7 6740
7 6740
5 25
1 7191
5 23
3 7766
6 6740
5 8
5 16
5 11
2 6740
5 3
9
4 6880
2 6880
7 6918
2 622
8
1 9344
6 6918
6 6918
6 6918
6 6918
7 6918
9
2 6918
6 7125
4 7125
2 7125
8
3 1647
1 4543
1 5934
4 5934
7 4543
2 4543
6 5934
5 18
6 5934
7 5934
4 5934
3 5774
4 5934
7 5934
1 8335
7 5934
8
9
2 5934
7 86
8
1 9250
3 6147
6 7191
7 7191
9
5 19
4 7191
7 86
3 9031
1 2887
3 8187
9
6 2887
7 2887
4 2887
2 2887
5 17
2 7191
6 7325
6 7325
3 790
1 214
2 7325
7 8335
6 8335
3 9196
8
3 1806
3 5339
1 5976
8
7 5976
1 9956
5 8
7 5976
6 5976
1 7665
4 5976
1 4340
6 4340
1 4989
9
6 4989
2 4989
4 5976
7 4340
7 4340
9
3 3333
6 4340
6 4340
2 4340
8
2 5976
9
2 7665
4 8335
1 3348
1 6730
9
3 9109
1 5205
6 3348
2 5205
8
1 7733
1 4524
1 2796
2 3348
3 7614
1 1458
7 6730
7 2796
5 21
4 4524
7 2796
9
5 18
7 86
2 4524
2 6730
4 7733
2 2796
9
8
7 7733
5 14
7 1458
7 7733
1 4890
5 6
9
7 4890
8
5 10
1 1298
5 18
9
8
9
4 4890
4 1298
8
2 4890
2 7733
7 8335
2 8335
4 1298
8
2 8964
8
